# bottom Nusselt number for case B1Ra10CT10
1.000000000000000021e-08 2.499455063907372598e-01
1.000000000000000378e-06 2.498811143469275853e-01
2.009999999999990920e-06 2.497944371631630467e-01
3.009999999999981346e-06 2.497086478152669431e-01
4.009999999999971771e-06 2.496228879471565631e-01
5.009999999999962197e-06 2.495371575442846268e-01
6.009999999999952622e-06 2.494514565925970984e-01
7.009999999999943048e-06 2.493657850790569064e-01
8.009999999999933474e-06 2.492801429922605894e-01
9.009999999999923899e-06 2.491945303207428464e-01
1.000999999999991432e-05 2.491089470529769812e-01
1.100999999999990475e-05 2.490233931787305399e-01
1.200999999999989518e-05 2.489378686873705282e-01
1.300999999999988560e-05 2.488523735686646587e-01
1.400999999999987603e-05 2.487669078114865817e-01
1.500999999999986645e-05 2.486814714066211407e-01
1.600999999999998393e-05 2.485960643432812422e-01
1.700000000000014217e-05 2.485115402434774357e-01
1.800000000000030200e-05 2.484261915385265751e-01
1.900000000000046183e-05 2.483408721463457869e-01
2.000000000000062166e-05 2.482555820537746816e-01
2.100000000000078150e-05 2.481703212559129845e-01
2.200000000000094133e-05 2.480850897331279559e-01
2.300000000000110116e-05 2.479998874837245904e-01
2.400000000000126099e-05 2.479147144951280857e-01
2.500000000000142083e-05 2.478295707566438577e-01
2.600000000000158066e-05 2.477444562586558763e-01
2.700000000000174049e-05 2.476593709908393448e-01
2.800000000000190032e-05 2.475743149432700907e-01
2.900000000000206015e-05 2.474892881055616445e-01
3.000000000000221999e-05 2.474042904680980870e-01
3.100000000000237982e-05 2.473193220191675923e-01
3.200000000000253965e-05 2.472343827472125999e-01
3.300000000000269948e-05 2.471494726421548105e-01
3.400000000000285932e-05 2.470645916932070751e-01
3.500000000000301915e-05 2.469797398884727713e-01
3.600000000000317898e-05 2.468949172141134962e-01
3.700000000000333881e-05 2.468101236682800070e-01
3.800000000000349864e-05 2.467253592673688545e-01
3.900000000000365848e-05 2.466406239825629232e-01
4.000000000000381831e-05 2.465559178743626234e-01
4.100000000000397814e-05 2.464712408921608533e-01
4.200000000000413797e-05 2.463865938118607046e-01
4.300000000000429781e-05 2.470352009543956284e-01
4.400135759821329639e-05 6.810992515491532950e-01
4.500350060349878815e-05 4.921547814986644731e+00
4.600301154571018853e-05 7.521176596609921106e+00
4.700301154571034836e-05 8.466192162896582829e+00
4.800301154571050819e-05 8.903289920751724651e+00
4.900301154571066803e-05 9.123213866967883945e+00
5.000301154571082786e-05 9.227976815477985539e+00
5.100301154571098769e-05 9.252220352001911508e+00
5.200301154571114752e-05 9.242469084318829076e+00
5.300301154571130735e-05 9.217278910747211285e+00
5.400301154571146719e-05 9.175151243007517721e+00
5.500301154571162702e-05 9.115636548967492203e+00
5.600301154571178685e-05 9.040543226328519921e+00
5.700301154571194668e-05 8.966952775313961510e+00
5.800301154571210652e-05 8.893437402721316332e+00
5.900301154571226635e-05 8.819454713525818335e+00
6.000301154571242618e-05 8.741408781306299502e+00
6.100301154571258601e-05 8.665720223434759006e+00
6.200301154571209532e-05 8.592213114916601668e+00
6.300301154571157753e-05 8.520564304605725781e+00
6.400301154571105973e-05 8.450317347135001711e+00
6.500301154571054194e-05 8.381274059156364586e+00
6.600439760258868438e-05 8.309963876427231000e+00
6.700176321544248274e-05 8.236347810789592216e+00
6.800176321544196495e-05 8.171190843211970645e+00
6.900883873771536262e-05 8.124946922235388058e+00
7.000824920338150688e-05 8.103163486472823251e+00
7.100824920338098909e-05 8.118696962721156041e+00
7.200271430701888167e-05 8.126269602314232898e+00
7.300331407583122544e-05 8.126684615590555438e+00
7.400452949034591491e-05 8.148562869252957697e+00
7.500607072725843424e-05 8.168576071688141482e+00
7.600861336995723687e-05 8.253848829017396582e+00
7.700120634787797002e-05 8.354555713628448288e+00
7.800128417776890967e-05 8.490254577411008086e+00
7.900067161286708202e-05 8.683261797939914928e+00
8.000067161286656423e-05 8.896207279675534707e+00
8.100683422589482845e-05 9.273213834913509146e+00
8.200066524227668486e-05 1.007199637840598250e+01
8.300433243389259504e-05 1.121833021551938536e+01
8.400246522059146069e-05 1.270309403080024779e+01
8.500075340120441200e-05 1.454815741413850994e+01
8.600427104006824969e-05 1.638016948580142440e+01
8.700355334904900256e-05 1.831172055335052562e+01
8.800680266215668123e-05 2.018984606393463821e+01
8.900489361918177537e-05 2.176030347013903210e+01
9.000650419406999053e-05 2.313833550208923384e+01
9.100273593428419609e-05 2.391879491596430185e+01
9.200196955018277625e-05 2.401916152108268321e+01
9.300471760330206335e-05 2.362606975864012782e+01
9.400334868509598865e-05 2.332158401776522894e+01
9.500171694971585722e-05 2.398520534445157182e+01
9.600351316976786476e-05 2.429111396541296486e+01
9.700351316976734697e-05 2.444473214944994766e+01
9.800351316976682917e-05 2.442172270842259607e+01
9.900351316976631138e-05 2.424363626642697866e+01
1.000035131697657936e-04 2.423568397481761494e+01
1.010035131697652758e-04 2.468086183045878457e+01
1.020035131697647580e-04 2.547939620585959020e+01
1.030035131697642402e-04 2.637168539855388261e+01
1.040035131697637224e-04 2.720345128687277025e+01
1.050035131697632046e-04 2.792477972414216936e+01
1.060035131697626868e-04 2.853805021836621236e+01
1.070035131697621690e-04 2.901676821385051852e+01
1.080035131697616512e-04 2.937104272421315088e+01
1.090035131697611334e-04 2.960801316307220787e+01
1.100035131697606156e-04 2.971953785766728373e+01
1.110035131697600979e-04 2.965317104075875321e+01
1.120035131697595801e-04 2.943816394382214696e+01
1.130035131697590623e-04 2.911703513547126931e+01
1.140035131697585445e-04 2.872784385092462500e+01
1.150035131697580267e-04 2.832174879684487223e+01
1.160035131697575089e-04 2.793517982442413228e+01
1.170035131697569911e-04 2.760936171733488464e+01
1.180035131697564733e-04 2.730390251183917627e+01
1.190035131697559555e-04 2.700438394219872507e+01
1.200035131697554377e-04 2.671902188851392523e+01
