# RMS shrinking factor for the case B02Ra8CT01
   1.0999999999999998E-007  0.99999960879939309     
   2.1000000000000008E-007  0.99999825264379283     
   3.1000000000000016E-007  0.99999448997948537     
   4.1000000000000026E-007  0.99998697510209211     
   5.1000000000000031E-007  0.99997496936533015     
   6.1000000000000041E-007  0.99995586759276334     
   7.1000000000000051E-007  0.99993561058814917     
   8.1000000000000061E-007  0.99990218066494441     
   9.1000000000000071E-007  0.99986200984063656     
   1.0100000000000003E-006  0.99984198625847975     
   1.1099999999999993E-006  0.99983800303167802     
   2.0000000000000000E-008  0.99983730578975039     
   1.2999999999999975E-006  0.99983003103256296     
   1.3999999999999965E-006  0.99982935944117124     
   1.4999999999999956E-006  0.99982867624057303     
   1.5999999999999946E-006  0.99982798152951702     
   1.6999999999999937E-006  0.99982727571046282     
   1.7999999999999927E-006  0.99982655944871668     
   1.8999999999999918E-006  0.99982583293808036     
   1.9999999999999910E-006  0.99982509672757125     
   2.0999999999999901E-006  0.99982435131363590     
   2.1999999999999891E-006  0.99982359701329315     
   2.2999999999999881E-006  0.99982283400751837     
   2.3999999999999872E-006  0.99982206211896052     
   2.4999999999999862E-006  0.99982128183199714     
   2.5999999999999853E-006  0.99982049374465376     
   2.6999999999999843E-006  0.99981969750003619     
   2.7999999999999834E-006  0.99981889350157438     
   2.8999999999999824E-006  0.99981808218492396     
   2.9999999999999814E-006  0.99981726345398314     
   3.0999999999999805E-006  0.99981643734487691     
   3.1999999999999795E-006  0.99981560432287553     
   3.2999999999999786E-006  0.99981476416820181     
   3.3999999999999776E-006  0.99981391728726488     
   3.4999999999999767E-006  0.99981306322897312     
   3.5999999999999757E-006  0.99981220159896356     
   3.6999999999999747E-006  0.99981133248933096     
   3.7999999999999738E-006  0.99981045625119136     
   3.8999999999999728E-006  0.99980957317535890     
   3.9999999999999719E-006  0.99980868360973996     
   4.0999999999999709E-006  0.99980778709766160     
   4.1999999999999700E-006  0.99980688346243285     
   4.2999999999999690E-006  0.99980597305710239     
   4.3999999999999680E-006  0.99980505504849448     
   4.4999999999999671E-006  0.99980412964299248     
   4.5999999999999661E-006  0.99980319752580160     
   4.6999999999999652E-006  0.99980225850667126     
   4.7999999999999642E-006  0.99980131266291850     
   4.8999999999999632E-006  0.99980035950346313     
   4.9999999999999623E-006  0.99979939851839961     
   5.0999999999999613E-006  0.99979843050554618     
   5.1999999999999604E-006  0.99979745524176677     
   5.2999999999999594E-006  0.99979647258452320     
   5.3999999999999585E-006  0.99979548149809172     
   5.4999999999999575E-006  0.99979448136686200     
   5.5999999999999565E-006  0.99979347306444022     
   5.6999999999999556E-006  0.99979245600955169     
   5.7999999999999546E-006  0.99979142934197973     
   5.8999999999999537E-006  0.99979039382291601     
   5.9999999999999527E-006  0.99978934915620876     
   6.0999999999999518E-006  0.99978829567003924     
   6.1999999999999508E-006  0.99978723281170967     
   6.2999999999999498E-006  0.99978616006214815     
   6.3999999999999489E-006  0.99978507749439050     
   6.4999999999999479E-006  0.99978398411386393     
   6.5999999999999470E-006  0.99978288005865990     
   6.6999999999999460E-006  0.99978176470826452     
   6.7999999999999451E-006  0.99978063785765070     
   6.8999999999999441E-006  0.99977950009637373     
   6.9999999999999431E-006  0.99977835089408185     
   7.0999999999999422E-006  0.99977719067263982     
   7.1999999999999412E-006  0.99977601818139217     
   7.2999999999999403E-006  0.99977483418052215     
   7.3999999999999393E-006  0.99977363877330427     
   7.4999999999999384E-006  0.99977243177851682     
   7.5999999999999374E-006  0.99977121217038512     
   7.6999999999999364E-006  0.99976997928373468     
   7.7999999999999355E-006  0.99976873357678586     
   7.8999999999999345E-006  0.99976747463015070     
   7.9999999999999336E-006  0.99976620230466995     
   8.0999999999999326E-006  0.99976491634038689     
   8.1999999999999317E-006  0.99976361478882514     
   8.2999999999999307E-006  0.99976229882131784     
   8.3999999999999297E-006  0.99976096750721999     
   8.4999999999999288E-006  0.99975961936258584     
   8.5999999999999278E-006  0.99975825502264637     
   8.6999999999999269E-006  0.99975687405491931     
   8.7999999999999259E-006  0.99975547626260808     
   8.8999999999999250E-006  0.99975406083746843     
   8.9999999999999240E-006  0.99975262860658287     
   9.0999999999999230E-006  0.99975117967039784     
   9.1999999999999221E-006  0.99974971327757867     
   9.2999999999999211E-006  0.99974822942261155     
   9.3999999999999202E-006  0.99974672665173758     
   9.4999999999999192E-006  0.99974520523354193     
   9.5999999999999183E-006  0.99974366513104962     
   9.6999999999999173E-006  0.99974210550524867     
   9.7999999999999163E-006  0.99974052675938174     
   9.8999999999999154E-006  0.99973892596227554     
   9.9999999999999144E-006  0.99973730233766134     
   1.0099999999999913E-005  0.99973565744227300     
   1.0199999999999913E-005  0.99973398924236401     
   1.0299999999999912E-005  0.99973229723072221     
   1.0399999999999911E-005  0.99973058208718180     
   1.0499999999999910E-005  0.99972884345434032     
   1.0599999999999909E-005  0.99972707927268833     
   1.0699999999999908E-005  0.99972528872908373     
   1.0799999999999907E-005  0.99972347347977530     
   1.0899999999999906E-005  0.99972163269198089     
   1.0999999999999905E-005  0.99971976560360643     
   1.1099999999999904E-005  0.99971786963630360     
   1.1199999999999903E-005  0.99971594631225336     
   1.1299999999999902E-005  0.99971399625477564     
   1.1399999999999901E-005  0.99971201694205891     
   1.1499999999999900E-005  0.99971000505335694     
   1.1599999999999899E-005  0.99970796184465172     
   1.1699999999999898E-005  0.99970588898546220     
   1.1799999999999897E-005  0.99970378598399223     
   1.1899999999999896E-005  0.99970165274291489     
   1.1999999999999895E-005  0.99969948755009796     
   1.2099999999999894E-005  0.99969728912650746     
   1.2199999999999893E-005  0.99969505852788543     
   1.2299999999999892E-005  0.99969279504663833     
   1.2399999999999891E-005  0.99969049801809828     
   1.2499999999999890E-005  0.99968816565198759     
   1.2599999999999890E-005  0.99968579764375942     
   1.2699999999999889E-005  0.99968339304996956     
   1.2799999999999888E-005  0.99968095148669633     
   1.2899999999999887E-005  0.99967847029380574     
   1.2999999999999886E-005  0.99967594814752592     
   1.3099999999999885E-005  0.99967338375543136     
   1.3199999999999884E-005  0.99967077642646196     
   1.3299999999999883E-005  0.99966812766775293     
   1.3399999999999882E-005  0.99966543859958579     
   1.3499999999999881E-005  0.99966270488084263     
   1.3599999999999880E-005  0.99965992421830818     
   1.3699999999999879E-005  0.99965709692073024     
   1.3799999999999878E-005  0.99965422383870151     
   1.3899999999999877E-005  0.99965130519007506     
   1.3999999999999876E-005  0.99964834125272672     
   1.4099999999999875E-005  0.99964532766077274     
   1.4199999999999874E-005  0.99964226452448945     
   1.4299999999999873E-005  0.99963914861048953     
   1.4399999999999872E-005  0.99963598142025445     
   1.4499999999999871E-005  0.99963276401407219     
   1.4599999999999870E-005  0.99962949486871111     
   1.4699999999999869E-005  0.99962616911032109     
   1.4799999999999868E-005  0.99962278552400741     
   1.4899999999999868E-005  0.99961934270230057     
   1.4999999999999867E-005  0.99961584063259523     
   1.5099999999999866E-005  0.99961227751081205     
   1.5199999999999865E-005  0.99960865368142515     
   1.5299999999999870E-005  0.99960496658633180     
   1.5399999999999886E-005  0.99960121279035885     
   1.5499999999999902E-005  0.99959739325665875     
   1.5599999999999918E-005  0.99959350988456908     
   1.5699999999999934E-005  0.99958956182252079     
   1.5799999999999950E-005  0.99958554815823919     
   1.5899999999999966E-005  0.99958146759516620     
   1.5999999999999982E-005  0.99957732204129468     
   1.6099999999999998E-005  0.99957310707502089     
   1.6200000000000014E-005  0.99956882166768757     
   1.6300000000000030E-005  0.99956446382183928     
   1.6400000000000046E-005  0.99956003402014515     
   1.6500000000000062E-005  0.99955552750764742     
   1.6600000000000078E-005  0.99955094353786234     
   1.6700000000000094E-005  0.99954627886830183     
   1.6800000000000110E-005  0.99954153172818083     
   1.6900000000000126E-005  0.99953669915254117     
   1.7000000000000142E-005  0.99953178080388960     
   1.7100000000000158E-005  0.99952677596923667     
   1.7200000000000174E-005  0.99952168631191263     
   1.7300000000000190E-005  0.99951651008459996     
   1.7400000000000206E-005  0.99951123869490754     
   1.7500000000000222E-005  0.99950587538683888     
   1.7600000000000238E-005  0.99950042052047028     
   1.7700000000000254E-005  0.99949487065792475     
   1.7800000000000270E-005  0.99948921778433630     
   1.7900000000000286E-005  0.99948346543128108     
   1.8000000000000302E-005  0.99947761168561311     
   1.8100000000000318E-005  0.99947165793257664     
   1.8200000000000334E-005  0.99946560043889432     
   1.8300000000000350E-005  0.99945942890927542     
   1.8400000000000366E-005  0.99945313998210861     
   1.8500000000000382E-005  0.99944673562780295     
   1.8600000000000398E-005  0.99944021657585513     
   1.8700000000000414E-005  0.99943358064791055     
   1.8800000000000430E-005  0.99942682352563517     
   1.8900000000000446E-005  0.99941993872180801     
   1.9000000000000462E-005  0.99941292456416764     
   1.9100000000000478E-005  0.99940577513588924     
   1.9200000000000494E-005  0.99939849198012709     
   1.9300000000000510E-005  0.99939107199244848     
   1.9400000000000526E-005  0.99938351072920573     
   1.9500000000000542E-005  0.99937580417769922     
   1.9600000000000558E-005  0.99936795634326736     
   1.9700000000000574E-005  0.99935996292393592     
   1.9800000000000590E-005  0.99935182620137031     
   1.9900000000000606E-005  0.99934353930532238     
   2.0000000000000622E-005  0.99933510039080664     
   2.0100000000000638E-005  0.99932649810707674     
   2.0200000000000654E-005  0.99931772923225737     
   2.0300000000000670E-005  0.99930879749716606     
   2.0400000000000686E-005  0.99929969720321121     
   2.0500000000000702E-005  0.99929043280391039     
   2.0600000000000718E-005  0.99928099165555317     
   2.0700000000000734E-005  0.99927136935634464     
   2.0800000000000750E-005  0.99926156373527419     
   2.0900000000000766E-005  0.99925156332974674     
   2.1000000000000781E-005  0.99924136779154404     
   2.1100000000000797E-005  0.99923097829850072     
   2.1200000000000813E-005  0.99922039864076706     
   2.1300000000000829E-005  0.99920962429756377     
   2.1400000000000845E-005  0.99919865430478583     
   2.1500000000000861E-005  0.99918747966780785     
   2.1600000000000877E-005  0.99917608771157851     
   2.1700000000000893E-005  0.99916449030895127     
   2.1800000000000909E-005  0.99915266888752152     
   2.1900000000000925E-005  0.99914062394177094     
   2.2000000000000941E-005  0.99912835864618899     
   2.2100000000000957E-005  0.99911585784389934     
   2.2200000000000973E-005  0.99910311724056666     
   2.2300000000000989E-005  0.99909014327853796     
   2.2400000000001005E-005  0.99907692909885470     
   2.2500000000001021E-005  0.99906347585699307     
   2.2600000000001037E-005  0.99904976665084988     
   2.2700000000001053E-005  0.99903579436629253     
   2.2800000000001069E-005  0.99902155118625180     
   2.2900000000001085E-005  0.99900703349179376     
   2.3000000000001101E-005  0.99899224698348943     
   2.3100000000001117E-005  0.99897718190174889     
   2.3200000000001133E-005  0.99896184821755485     
   2.3300000000001149E-005  0.99894624129192255     
   2.3400000000001165E-005  0.99893035178807044     
   2.3500000000001181E-005  0.99891417247878789     
   2.3600000000001197E-005  0.99889768503766385     
   2.3700000000001213E-005  0.99888088576838718     
   2.3800000000001229E-005  0.99886377528502956     
   2.3900000000001245E-005  0.99884635663637966     
   2.4000000000001261E-005  0.99882861495923492     
   2.4100000000001277E-005  0.99881056005534263     
   2.4200000000001293E-005  0.99879217147396826     
   2.4300000000001309E-005  0.99877344993639594     
   2.4400000000001325E-005  0.99875440057899190     
   2.4500000000001341E-005  0.99873501101196160     
   2.4600000000001357E-005  0.99871528433163137     
   2.4700000000001373E-005  0.99869520667370570     
   2.4800000000001389E-005  0.99867476817200806     
   2.4900000000001405E-005  0.99865396738996548     
   2.5000000000001421E-005  0.99863280243787134     
   2.5100000000001437E-005  0.99861127415127249     
   2.5200000000001453E-005  0.99858937250094471     
   2.5300000000001469E-005  0.99856711321410430     
   2.5400000000001485E-005  0.99854448656752481     
   2.5500000000001501E-005  0.99852147616868780     
   2.5600000000001517E-005  0.99849809012244406     
   2.5700000000001533E-005  0.99847432756727239     
   2.5800000000001549E-005  0.99845018384972462     
   2.5900000000001565E-005  0.99842563643762638     
   2.6000000000001581E-005  0.99840068273415217     
   2.6100000000001597E-005  0.99837531549231495     
   2.6200000000001613E-005  0.99834953527909054     
   2.6300000000001629E-005  0.99832332481846953     
   2.6400000000001645E-005  0.99829667838141367     
   2.6500000000001661E-005  0.99826959639096913     
   2.6600000000001677E-005  0.99824206506134339     
   2.6700000000001693E-005  0.99821408269661971     
   2.6800000000001709E-005  0.99818565076758925     
   2.6900000000001725E-005  0.99815675636886314     
   2.7000000000001740E-005  0.99812738579233451     
   2.7100000000001756E-005  0.99809753060633744     
   2.7200000000001772E-005  0.99806720260642368     
   2.7300000000001788E-005  0.99803640874423749     
   2.7400000000001804E-005  0.99800514190511924     
   2.7500000000001820E-005  0.99797338628860532     
   2.7600000000001836E-005  0.99794114018082947     
   2.7700000000001852E-005  0.99790837207330030     
   2.7800000000001868E-005  0.99787508641028111     
   2.7900000000001884E-005  0.99784127571270098     
   2.8000000000001900E-005  0.99780693790497743     
   2.8100000000001916E-005  0.99777204373963291     
   2.8200000000001932E-005  0.99773659463945941     
   2.8300000000001948E-005  0.99770057816475055     
   2.8400000000001964E-005  0.99766399881944900     
   2.8500000000001980E-005  0.99762682473976938     
   2.8600000000001996E-005  0.99758906100136724     
   2.8700000000002012E-005  0.99755069512988181     
   2.8800000000002028E-005  0.99751172406481914     
   2.8900000000002044E-005  0.99747215583533078     
   2.9000000000002060E-005  0.99743195347140956     
   2.9100000000002076E-005  0.99739110406788656     
   2.9200000000002092E-005  0.99734960938631223     
   2.9300000000002108E-005  0.99730744249878966     
   2.9400000000002124E-005  0.99726461633060703     
   2.9500000000002140E-005  0.99722108198555215     
   2.9600000000002156E-005  0.99717684776615989     
   2.9700000000002172E-005  0.99713192355895963     
   2.9800000000002188E-005  0.99708629584793396     
   2.9900000000002204E-005  0.99703995012622992     
   3.0000000000002220E-005  0.99699283927668092     
   3.0100000000002236E-005  0.99694497571194240     
   3.0200000000002252E-005  0.99689632950085050     
   3.0300000000002268E-005  0.99684689468109655     
   3.0400000000002284E-005  0.99679666729682237     
   3.0500000000002300E-005  0.99674560693942571     
   3.0600000000002316E-005  0.99669369065320002     
   3.0700000000002332E-005  0.99664091094620721     
   3.0800000000002348E-005  0.99658728076100633     
   3.0900000000002364E-005  0.99653277145118657     
   3.1000000000002380E-005  0.99647735007171845     
   3.1100000000002396E-005  0.99642099136782303     
   3.1200000000002412E-005  0.99636370063656521     
   3.1300000000002428E-005  0.99630546700223355     
   3.1400000000002444E-005  0.99624625587628080     
   3.1500000000002460E-005  0.99618606348387462     
   3.1600000000002476E-005  0.99612487435043928     
   3.1700000000002492E-005  0.99606264130586653     
   3.1800000000002508E-005  0.99599932558801341     
   3.1900000000002524E-005  0.99593491820049618     
   3.2000000000002540E-005  0.99586935717843905     
   3.2100000000002556E-005  0.99580265938873058     
   3.2200000000002572E-005  0.99573477600851168     
   3.2300000000002588E-005  0.99566566373599263     
   3.2400000000002604E-005  0.99559530474376845     
   3.2500000000002620E-005  0.99552364870352839     
   3.2600000000002636E-005  0.99545067888668048     
   3.2700000000002652E-005  0.99537638265299488     
   3.2800000000002668E-005  0.99530074834279336     
   3.2900000000002683E-005  0.99522371793576547     
   3.3000000000002699E-005  0.99514526268069270     
   3.3100000000002715E-005  0.99506533122874286     
   3.3200000000002731E-005  0.99498386928008831     
   3.3300000000002747E-005  0.99490083647945404     
   3.3400000000002763E-005  0.99481620846237906     
   3.3500000000002779E-005  0.99472992409304806     
   3.3600000000002795E-005  0.99464188315225410     
   3.3700000000002811E-005  0.99455207793342038     
   3.3800000000002827E-005  0.99446041553213749     
   3.3900000000002843E-005  0.99436683313159591     
   3.4000000000002859E-005  0.99427127780112123     
   3.4100000000002875E-005  0.99417369636573882     
   3.4200000000002891E-005  0.99407403611479805     
   3.4300000000002907E-005  0.99397220674319464     
   3.4400000000002923E-005  0.99386806982394515     
   3.4500000000002939E-005  0.99376162261322076     
   3.4600000000002955E-005  0.99365277179485001     
   3.4700000000002971E-005  0.99354139456732016     
   3.4800000000002987E-005  0.99342744847026621     
   3.4900000000003003E-005  0.99331076691707409     
   3.5000000000003019E-005  0.99319117291870418     
   3.5100000000003035E-005  0.99306851733710921     
   3.5200000000003051E-005  0.99294268972257860     
   3.5300000000003067E-005  0.99281357514082069     
   3.5400000000003083E-005  0.99268098888839318     
   3.5500000000003099E-005  0.99254485234738010     
   3.5600000000003115E-005  0.99240504925962769     
   3.5700000000003131E-005  0.99226142017885555     
   3.5800000000003147E-005  0.99211383995427671     
   3.5900000000003163E-005  0.99196215218563522     
   3.6000000000003179E-005  0.99180615497450697     
   3.6100000000003195E-005  0.99164570354784654     
   3.6200000000003211E-005  0.99148072143796540     
   3.6300000000003227E-005  0.99131113246866409     
   3.6400000000003243E-005  0.99113682323033137     
   3.6500000000003259E-005  0.99095760650731224     
   3.6600000000003275E-005  0.99077337829258860     
   3.6700000000003291E-005  0.99058403864854427     
   3.6800000000003307E-005  0.99038948157270590     
   3.6900000000003323E-005  0.99018969975759397     
   3.7000000000003339E-005  0.98998457352642755     
   3.7100000000003355E-005  0.98977395748854047     
   3.7200000000003371E-005  0.98955777152957347     
   3.7300000000003387E-005  0.98933594341279907     
   3.7400000000003403E-005  0.98910836879024078     
   3.7500000000003419E-005  0.98887483592910808     
   3.7600000000003435E-005  0.98863529445169762     
   3.7700000000003451E-005  0.98838968544339512     
   3.7800000000003467E-005  0.98813793659124993     
   3.7900000000003483E-005  0.98788005005689972     
   3.8000000000003499E-005  0.98761603852301505     
   3.8100000000003515E-005  0.98734578065995715     
   3.8200000000003531E-005  0.98706930685723449     
   3.8300000000003547E-005  0.98678645732739301     
   3.8400000000003563E-005  0.98649719566105509     
   3.8500000000003579E-005  0.98620146950744669     
   3.8600000000003595E-005  0.98589918940422550     
   3.8700000000003611E-005  0.98559035903478132     
   3.8800000000003627E-005  0.98527498732539853     
   3.8900000000003642E-005  0.98495298782306862     
   3.9000000000003658E-005  0.98462420163485531     
   3.9100000000003674E-005  0.98428855790640757     
   3.9200000000003690E-005  0.98394586137954998     
   3.9300000000003706E-005  0.98359597841496882     
   3.9400000000003722E-005  0.98323873058705791     
   3.9500000000003738E-005  0.98287402028348769     
   3.9600000000003754E-005  0.98250156667500466     
   3.9700000000003770E-005  0.98212115113794163     
   3.9800000000003786E-005  0.98173240111893323     
   3.9900000000003802E-005  0.98133505494608508     
   4.0000000000003818E-005  0.98092910832614744     
   4.0100000000003834E-005  0.98051429399608259     
   4.0200000000003850E-005  0.98009032243090288     
   4.0300000000003866E-005  0.97965706017964804     
   4.0400000000003882E-005  0.97921431945785609     
   4.0500000000003898E-005  0.97876191174098892     
   4.0600000000003914E-005  0.97829972668456644     
   4.0700000000003930E-005  0.97782765136679695     
   4.0800000000003946E-005  0.97734564354023112     
   4.0900000000003962E-005  0.97685344908040339     
   4.1000000000003978E-005  0.97635080221307968     
   4.1100000000003994E-005  0.97583762968460219     
   4.1200000000004010E-005  0.97531387663724267     
   4.1300000000004026E-005  0.97477946234793811     
   4.1400000000004042E-005  0.97423410562426260     
   4.1500000000004058E-005  0.97367740002681347     
   4.1600000000004074E-005  0.97310929429917337     
   4.1700000000004090E-005  0.97252956226261211     
   4.1800000000004106E-005  0.97193779367109712     
   4.1900000000004122E-005  0.97133352569789522     
   4.2000000000004138E-005  0.97071631663552560     
   4.2100000000004154E-005  0.97008593610511140     
   4.2200000000004170E-005  0.96944214889298719     
   4.2300000000004186E-005  0.96878491256790278     
   4.2400000000004202E-005  0.96811400882643139     
   4.2500000000004218E-005  0.96742943588467567     
   4.2600000000004234E-005  0.96673104394148246     
   4.2700000000004250E-005  0.96601849021925945     
   4.2800000000004266E-005  0.96529170905596529     
   4.2900000000004282E-005  0.96455057295446334     
   4.3000000000004298E-005  0.96379497221154742     
   4.3100000000004314E-005  0.96302458517427958     
   4.3200000000004330E-005  0.96223910474486463     
   4.3300000000004346E-005  0.96143814729114041     
   4.3400000000004362E-005  0.96062096894092741     
   4.3500000000004378E-005  0.95978698120312911     
   4.3600000000004394E-005  0.95893579046793420     
   4.3700000000004410E-005  0.95806715444782831     
   4.3800000000004426E-005  0.95718093779635560     
   4.3900000000004442E-005  0.95627710688721312     
   4.4000000000004458E-005  0.95535580436561784     
   4.4100000000004474E-005  0.95441685952376809     
   4.4200000000004490E-005  0.95346021476820131     
   4.4300000000004506E-005  0.95248548345286099     
   4.4400000000004522E-005  0.95149294091220271     
   4.4500000000004538E-005  0.95048204185873419     
   4.4600000000004554E-005  0.94945228464038656     
   4.4700000000004570E-005  0.94840351059756733     
   4.4800000000004586E-005  0.94733596460943825     
   4.4900000000004601E-005  0.94624938016807125     
   4.5000000000004617E-005  0.94514352735081730     
   4.5100000000004633E-005  0.94401803421012820     
   4.5200000000004649E-005  0.94287213821303595     
   4.5300000000004665E-005  0.94170534812962514     
   4.5400000000004681E-005  0.94051680189916576     
   4.5500000000004697E-005  0.93930602519031159     
   4.5600000000004713E-005  0.93807278740385391     
   4.5700000000004729E-005  0.93681757841453472     
   4.5800000000004745E-005  0.93554095142170646     
   4.5900000000004761E-005  0.93424270570090273     
   4.6000000000004777E-005  0.93292291754476042     
   4.6100000000004793E-005  0.93158163587101539     
   4.6200000000004809E-005  0.93021828170519993     
   4.6300000000004825E-005  0.92883252189208410     
   4.6400000000004841E-005  0.92742422543392811     
   4.6500000000004857E-005  0.92599289919932348     
   4.6600000000004873E-005  0.92453834119987055     
   4.6700000000004889E-005  0.92306013541094289     
   4.6800000000004905E-005  0.92155805752388598     
   4.6900000000004921E-005  0.92003192655817556     
   4.7000000000004937E-005  0.91848176628614531     
   4.7100000000004953E-005  0.91690774081577187     
   4.7200000000004969E-005  0.91530974632907069     
   4.7300000000004985E-005  0.91368823427556611     
   4.7400000000005001E-005  0.91204272573694645     
   4.7500000000005017E-005  0.91037306938455342     
   4.7600000000005033E-005  0.90867939714352253     
   4.7700000000005049E-005  0.90696177721168525     
   4.7800000000005065E-005  0.90522040924423608     
   4.7900000000005081E-005  0.90345522860798577     
   4.8000000000005097E-005  0.90166594768070862     
   4.8100000000005113E-005  0.89985252063041277     
   4.8200000000005129E-005  0.89801500965827219     
   4.8300000000005145E-005  0.89615308469889954     
   4.8400000000005161E-005  0.89426749754087032     
   4.8500000000005177E-005  0.89235813458703683     
   4.8600000000005193E-005  0.89042508101419660     
   4.8700000000005209E-005  0.88846904527397419     
   4.8800000000005225E-005  0.88649028160715881     
   4.8900000000005241E-005  0.88448889441145573     
   4.9000000000005257E-005  0.88246461449509417     
   4.9100000000005273E-005  0.88041741902636550     
   4.9200000000005289E-005  0.87834790251972950     
   4.9300000000005305E-005  0.87625642838977713     
   4.9400000000005321E-005  0.87414289813244350     
   4.9500000000005337E-005  0.87200880607185005     
   4.9600000000005353E-005  0.86985435669470113     
   4.9700000000005369E-005  0.86767967337253071     
   4.9800000000005385E-005  0.86548437382853272     
   4.9900000000005401E-005  0.86326924850289477     
   5.0000000000005417E-005  0.86103509769940723     
   5.0100000000005433E-005  0.85878264306743579     
   5.0200000000005449E-005  0.85651251700672271     
   5.0300000000005465E-005  0.85422475529977815     
   5.0400000000005481E-005  0.85191934093103627     
   5.0500000000005497E-005  0.84959669833410756     
   5.0600000000005513E-005  0.84725725864030077     
   5.0700000000005529E-005  0.84490199795636323     
   5.0800000000005544E-005  0.84253225892245009     
   5.0900000000005560E-005  0.84014824885668460     
   5.1000000000005576E-005  0.83775103610462032     
   5.1100000000005592E-005  0.83534129529316881     
   5.1200000000005608E-005  0.83291960310020552     
   5.1300000000005624E-005  0.83048634380319108     
   5.1400000000005640E-005  0.82804229649721495     
   5.1500000000005656E-005  0.82558806274613550     
   5.1600000000005672E-005  0.82312535340573523     
   5.1700000000005688E-005  0.82065379953519157     
   5.1800000000005704E-005  0.81817381569261716     
   5.1900000000005720E-005  0.81568547784376289     
   5.2000000000005736E-005  0.81319095723210200     
   5.2100000000005752E-005  0.81069129621843139     
   5.2200000000005768E-005  0.80818736680203185     
   5.2300000000005784E-005  0.80568112791589797     
   5.2400000000005800E-005  0.80317284190488547     
   5.2500000000005816E-005  0.80066367732133104     
   5.2600000000005832E-005  0.79815400621965538     
   5.2700000000005848E-005  0.79564444754015284     
   5.2800000000005864E-005  0.79313555344605968     
   5.2900000000005880E-005  0.79062785885648468     
   5.3000000000005896E-005  0.78812335877599549     
   5.3100000000005912E-005  0.78562221793645370     
   5.3200000000005928E-005  0.78312618940063428     
   5.3300000000005944E-005  0.78063653571410974     
   5.3400000000005960E-005  0.77815168108567223     
   5.3500000000005976E-005  0.77567308682104996     
   5.3600000000005992E-005  0.77319984035747824     
   5.3700000000006008E-005  0.77073240988872971     
   5.3800000000006024E-005  0.76827121223739214     
   5.3900000000006040E-005  0.76581754522488832     
   5.4000000000006056E-005  0.76337056682323745     
   5.4100000000006072E-005  0.76093214166405421     
   5.4200000000006088E-005  0.75850377253429546     
   5.4300000000006104E-005  0.75608499019713626     
   5.4400000000006120E-005  0.75367771523076676     
   5.4500000000006136E-005  0.75128265803942307     
   5.4600000000006152E-005  0.74889827173947054     
   5.4700000000006168E-005  0.74652534766050693     
   5.4800000000006184E-005  0.74416394007052478     
   5.4900000000006200E-005  0.74181447311636339     
   5.5000000000006216E-005  0.73947950880031732     
   5.5100000000006232E-005  0.73715934391995530     
   5.5200000000006248E-005  0.73485313714666722     
   5.5300000000006264E-005  0.73256147594932342     
   5.5400000000006280E-005  0.73028197693448349     
   5.5500000000006296E-005  0.72801533608795144     
   5.5600000000006312E-005  0.72576380805566865     
   5.5700000000006328E-005  0.72352602268683486     
   5.5800000000006344E-005  0.72130389108293491     
   5.5900000000006360E-005  0.71909885845552479     
   5.6000000000006376E-005  0.71691006365327370     
   5.6100000000006392E-005  0.71473982809166714     
   5.6200000000006408E-005  0.71258789324170824     
   5.6300000000006424E-005  0.71045126088834987     
   5.6400000000006440E-005  0.70832859949129279     
   5.6500000000006456E-005  0.70622283925096574     
   5.6600000000006472E-005  0.70413364877812623     
   5.6700000000006488E-005  0.70206075621124631     
   5.6800000000006503E-005  0.70000282234845934     
   5.6900000000006519E-005  0.69796011939723934     
   5.7000000000006535E-005  0.69593475947834127     
   5.7100000000006551E-005  0.69392712617002172     
   5.7200000000006567E-005  0.69193705938191841     
   5.7300000000006583E-005  0.68996647294525693     
   5.7400000000006599E-005  0.68801372632020008     
   5.7500000000006615E-005  0.68607832981173611     
   5.7600000000006631E-005  0.68416164385583222     
   5.7700000000006647E-005  0.68226307620058402     
   5.7800000000006663E-005  0.68038484726508475     
   5.7900000000006679E-005  0.67852721777600333     
   5.8000000000006695E-005  0.67668879817643679     
   5.8100000000006711E-005  0.67486855612668994     
   5.8200000000006727E-005  0.67306727553780488     
   5.8300000000006743E-005  0.67128477976886469     
   5.8400000000006759E-005  0.66952036456590158     
   5.8500000000006775E-005  0.66777579603832093     
   5.8600000000006791E-005  0.66605165144143541     
   5.8700000000006807E-005  0.66434648190101864     
   5.8800000000006823E-005  0.66266126002769377     
   5.8900000000006839E-005  0.66099597794454423     
   5.9000000000006855E-005  0.65935104685249712     
   5.9100000000006871E-005  0.65772605253825134     
   5.9200000000006887E-005  0.65612066150316917     
   5.9300000000006903E-005  0.65453605082100541     
   5.9400000000006919E-005  0.65296765605242346     
   5.9500000000006935E-005  0.65141612278687533     
   5.9600000000006951E-005  0.64988420420123405     
   5.9700000000006967E-005  0.64837077899731232     
   5.9800000000006983E-005  0.64687453871235456     
   5.9900000000006999E-005  0.64539487844369969     
   6.0000000000007015E-005  0.64393235740247079     
   6.0100000000007031E-005  0.64248754747043535     
   6.0200000000007047E-005  0.64105826954083800     
   6.0300000000007063E-005  0.63964614977278345     
   6.0400000000007079E-005  0.63825213632892619     
   6.0500000000007095E-005  0.63687571445500646     
   6.0600000000007111E-005  0.63551642942511266     
   6.0700000000007127E-005  0.63417314122228685     
   6.0800000000007143E-005  0.63284419373113909     
   6.0900000000007159E-005  0.63152898911101751     
   6.1000000000007175E-005  0.63022940734871891     
   6.1100000000007150E-005  0.62894426996065111     
   6.1200000000007098E-005  0.62767075103253822     
   6.1300000000007047E-005  0.62640967526326286     
   6.1400000000006995E-005  0.62516278064589936     
   6.1500000000006943E-005  0.62393194877736879     
   6.1600000000006891E-005  0.62271797976768617     
   6.1700000000006839E-005  0.62152139170706466     
   6.1800000000006788E-005  0.62034065604265431     
   6.1900000000006736E-005  0.61917364591426172     
   6.2000000000006684E-005  0.61802373597970162     
   6.2100000000006632E-005  0.61689107973076696     
   6.2200000000006581E-005  0.61577528900740586     
   6.2300000000006529E-005  0.61467467846484170     
   6.2400000000006477E-005  0.61358862271505810     
   6.2500000000006425E-005  0.61251580369348513     
   6.2600000000006373E-005  0.61145422808824057     
   6.2700000000006322E-005  0.61040660351510434     
   6.2800000000006270E-005  0.60937360928089934     
   6.2900000000006218E-005  0.60835440662844376     
   6.3000000000006166E-005  0.60734816634081412     
   6.3100000000006115E-005  0.60635493394944506     
   6.3200000000006063E-005  0.60537509794694011     
   6.3300000000006011E-005  0.60440872332637585     
   6.3400000000005959E-005  0.60345553189091850     
   6.3500000000005907E-005  0.60251594843244594     
   6.3600000000005856E-005  0.60158944135193726     
   6.3700000000005804E-005  0.60067376501525860     
   6.3800000000005752E-005  0.59976714323838054     
   6.3900000000005700E-005  0.59887101292012790     
   6.4000000000005649E-005  0.59798545263733127     
   6.4100000000005597E-005  0.59711143885614459     
   6.4200000000005545E-005  0.59624924477795249     
   6.4300000000005493E-005  0.59539805398067636     
   6.4400000000005441E-005  0.59455712135846250     
   6.4500000000005390E-005  0.59372282278229327     
   6.4600000000005338E-005  0.59289786552144152     
   6.4700000000005286E-005  0.59208202951663202     
   6.4800000000005234E-005  0.59127655990274186     
   6.4900000000005182E-005  0.59048064965168190     
   6.5000000000005131E-005  0.58969161555664185     
   6.5100000000005079E-005  0.58890920590596518     
   6.5200000000005027E-005  0.58813576683257163     
   6.5300000000004975E-005  0.58737045402820587     
   6.5400000000004924E-005  0.58661300858356880     
   6.5500000000004872E-005  0.58586315619469598     
   6.5600000000004820E-005  0.58512084957626709     
   6.5700000000004768E-005  0.58438555278987914     
   6.5800000000004716E-005  0.58365699625195000     
   6.5900000000004665E-005  0.58293436606022242     
   6.6000000000004613E-005  0.58221796327018172     
   6.6100000000004561E-005  0.58150809053229191     
   6.6200000000004509E-005  0.58080476058938812     
   6.6300000000004458E-005  0.58010783611817374     
   6.6400000000004406E-005  0.57941711765389281     
   6.6500000000004354E-005  0.57873221467772629     
   6.6600000000004302E-005  0.57805342578094132     
   6.6700000000004250E-005  0.57738089670172466     
   6.6800000000004199E-005  0.57671480538910991     
   6.6900000000004147E-005  0.57605515521346673     
   6.7000000000004095E-005  0.57540152066734240     
   6.7100000000004043E-005  0.57475358929596054     
   6.7200000000003992E-005  0.57411194128582677     
   6.7300000000003940E-005  0.57347594414676284     
   6.7400000000003888E-005  0.57284521205788042     
   6.7500000000003836E-005  0.57221972280463818     
   6.7600000000003784E-005  0.57159970841415886     
   6.7700000000003733E-005  0.57098454400616905     
   6.7800000000003681E-005  0.57037435001446046     
   6.7900000000003629E-005  0.56976900077973158     
   6.8000000000003577E-005  0.56916830039074640     
   6.8100000000003526E-005  0.56857262505286565     
   6.8200000000003474E-005  0.56798225125961466     
   6.8300000000003422E-005  0.56739693038404337     
   6.8400000000003370E-005  0.56681639439699338     
   6.8500000000003318E-005  0.56624084196499669     
   6.8600000000003267E-005  0.56566989113993726     
   6.8700000000003215E-005  0.56510348616304595     
   6.8800000000003163E-005  0.56454155807856765     
   6.8900000000003111E-005  0.56398381808009690     
   6.9000000000003060E-005  0.56342997830540353     
   6.9100000000003008E-005  0.56288028389787514     
   6.9200000000002956E-005  0.56233528922339726     
   6.9300000000002904E-005  0.56179480503312273     
   6.9400000000002852E-005  0.56125882175192210     
   6.9500000000002801E-005  0.56072709535185239     
   6.9600000000002749E-005  0.56019897514303685     
   6.9700000000002697E-005  0.55967526579197713     
   6.9800000000002645E-005  0.55915617439859122     
   6.9900000000002594E-005  0.55864174030762537     
   7.0000000000002542E-005  0.55813188075284492     
   7.0100000000002490E-005  0.55762643302567061     
   7.0200000000002438E-005  0.55712513899488503     
   7.0300000000002386E-005  0.55662759902958647     
   7.0400000000002335E-005  0.55613379866216883     
   7.0500000000002283E-005  0.55564371470966312     
   7.0600000000002231E-005  0.55515775321484750     
   7.0700000000002179E-005  0.55467584697044725     
   7.0800000000002128E-005  0.55419791183259948     
   7.0900000000002076E-005  0.55372367304492087     
   7.1000000000002024E-005  0.55325295259944174     
   7.1100000000001972E-005  0.55278618982790950     
   7.1200000000001920E-005  0.55232320612234453     
   7.1300000000001869E-005  0.55186362585171189     
   7.1400000000001817E-005  0.55140731559688805     
   7.1500000000001765E-005  0.55095408573177673     
   7.1600000000001713E-005  0.55050388220108626     
   7.1700000000001661E-005  0.55005655499552020     
   7.1800000000001610E-005  0.54961169461430315     
   7.1900000000001558E-005  0.54917002416372096     
   7.2000000000001506E-005  0.54873157996369892     
   7.2100000000001454E-005  0.54829658414124116     
   7.2200000000001403E-005  0.54786534935641118     
   7.2300000000001351E-005  0.54743815168470200     
   7.2400000000001299E-005  0.54701466220887951     
   7.2500000000001247E-005  0.54659469357493040     
   7.2600000000001195E-005  0.54617840482563207     
   7.2700000000001144E-005  0.54576557337863540     
   7.2800000000001092E-005  0.54535600886609270     
   7.2900000000001040E-005  0.54494958817451522     
   7.3000000000000988E-005  0.54454640265841470     
   7.3100000000000937E-005  0.54414641059194913     
   7.3200000000000885E-005  0.54374965915380047     
   7.3300000000000833E-005  0.54335609452844835     
   7.3400000000000781E-005  0.54296525650817917     
   7.3500000000000729E-005  0.54257718348086703     
   7.3600000000000678E-005  0.54219216834566586     
   7.3700000000000626E-005  0.54181027141567939     
   7.3800000000000574E-005  0.54143116307190298     
   7.3900000000000522E-005  0.54105468808519208     
   7.4000000000000471E-005  0.54068073991380095     
   7.4100000000000419E-005  0.54030945093468430     
   7.4200000000000367E-005  0.53994104139940458     
   7.4300000000000315E-005  0.53957512565795640     
   7.4400000000000263E-005  0.53921184795214960     
   7.4500000000000212E-005  0.53885139856643061     
   7.4600000000000160E-005  0.53849341145318286     
   7.4700000000000108E-005  0.53813767054987072     
   7.4800000000000056E-005  0.53778403642208439     
   7.4900000000000005E-005  0.53743280478640698     
   7.4999999999999953E-005  0.53708401983535470     
   7.5099999999999901E-005  0.53673761147109977     
   7.5199999999999849E-005  0.53639330569671195     
   7.5299999999999797E-005  0.53605108711343263     
   7.5399999999999746E-005  0.53571102525599412     
   7.5499999999999694E-005  0.53537322995347447     
   7.5599999999999642E-005  0.53503766971313582     
   7.5699999999999590E-005  0.53470412404007817     
   7.5799999999999539E-005  0.53437275298976383     
   7.5899999999999487E-005  0.53404364630457746     
   7.5999999999999435E-005  0.53371677126473371     
   7.6099999999999383E-005  0.53339220541780175     
   7.6199999999999331E-005  0.53306995052625650     
   7.6299999999999280E-005  0.53274989260956329     
   7.6399999999999228E-005  0.53243184394548559     
   7.6499999999999176E-005  0.53211597518856557     
   7.6599999999999124E-005  0.53180225669076397     
   7.6699999999999073E-005  0.53149078886108769     
   7.6799999999999021E-005  0.53118111874874618     
   7.6899999999998969E-005  0.53087335335365715     
   7.6999999999998917E-005  0.53056787219556423     
   7.7099999999998865E-005  0.53026472896748433     
   7.7199999999998814E-005  0.52996360474970183     
   7.7299999999998762E-005  0.52966481481792016     
   7.7399999999998710E-005  0.52936809542962826     
   7.7499999999998658E-005  0.52907349596838349     
   7.7599999999998607E-005  0.52878099401584733     
   7.7699999999998555E-005  0.52849037754597539     
   7.7799999999998503E-005  0.52820175964732852     
   7.7899999999998451E-005  0.52791506361563945     
   7.7999999999998399E-005  0.52763051465138655     
   7.8099999999998348E-005  0.52734797015926749     
   7.8199999999998296E-005  0.52706767312615355     
   7.8299999999998244E-005  0.52678957722049746     
   7.8399999999998192E-005  0.52651347310434016     
   7.8499999999998140E-005  0.52623942936417478     
   7.8599999999998089E-005  0.52596726101693581     
   7.8699999999998037E-005  0.52569738991263482     
   7.8799999999997985E-005  0.52542941556451150     
   7.8899999999997933E-005  0.52516321905062036     
   7.8999999999997882E-005  0.52489868831513120     
   7.9099999999997830E-005  0.52463619358856739     
   7.9199999999997778E-005  0.52437527790483818     
   7.9299999999997726E-005  0.52411632961889631     
   7.9399999999997674E-005  0.52385943846598781     
   7.9499999999997623E-005  0.52360448978517860     
   7.9599999999997571E-005  0.52335148298882650     
   7.9699999999997519E-005  0.52310022585745430     
   7.9799999999997467E-005  0.52285082344325962     
   7.9899999999997416E-005  0.52260334065332736     
   7.9999999999997364E-005  0.52235780773637219     
   8.0099999999997312E-005  0.52211435537620854     
   8.0199999999997260E-005  0.52187281682994346     
   8.0299999999997208E-005  0.52163325628132140     
   8.0399999999997157E-005  0.52139568755970678     
   8.0499999999997105E-005  0.52116014449171044     
   8.0599999999997053E-005  0.52092667197918097     
   8.0699999999997001E-005  0.52069519532655417     
   8.0799999999996950E-005  0.52046582472835434     
   8.0899999999996898E-005  0.52023857564831288     
   8.0999999999996846E-005  0.52001345068679861     
   8.1099999999996794E-005  0.51979046471456813     
   8.1199999999996742E-005  0.51956960509320249     
   8.1299999999996691E-005  0.51935064902091532     
   8.1399999999996639E-005  0.51913342680063956     
   8.1499999999996587E-005  0.51891804193499391     
   8.1599999999996535E-005  0.51870449609294789     
   8.1699999999996484E-005  0.51849279298594986     
   8.1799999999996432E-005  0.51828284074912767     
   8.1899999999996380E-005  0.51807471304837149     
   8.1999999999996328E-005  0.51786852742576184     
   8.2099999999996276E-005  0.51766447167542451     
   8.2199999999996225E-005  0.51746234519853795     
   8.2299999999996173E-005  0.51726220088040609     
   8.2399999999996121E-005  0.51706400209855974     
   8.2499999999996069E-005  0.51686772254707136     
   8.2599999999996018E-005  0.51667323966930434     
   8.2699999999995966E-005  0.51648066583168073     
   8.2799999999995914E-005  0.51628996179221120     
   8.2899999999995862E-005  0.51610104094682874     
   8.2999999999995810E-005  0.51591386714195209     
   8.3099999999995759E-005  0.51572818139593724     
   8.3199999999995707E-005  0.51554398309899052     
   8.3299999999995655E-005  0.51536152991318263     
   8.3399999999995603E-005  0.51518095172786482     
   8.3499999999995552E-005  0.51500220008008413     
   8.3599999999995500E-005  0.51482515754461011     
   8.3699999999995448E-005  0.51464969194793975     
   8.3799999999995396E-005  0.51447590758851502     
   8.3899999999995344E-005  0.51430378642062302     
   8.3999999999995293E-005  0.51413323562243141     
   8.4099999999995241E-005  0.51396442742745674     
   8.4199999999995189E-005  0.51379734041898517     
   8.4299999999995137E-005  0.51363190054720642     
   8.4399999999995086E-005  0.51346801498929606     
   8.4499999999995034E-005  0.51330580323360897     
   8.4599999999994982E-005  0.51314533836490506     
   8.4699999999994930E-005  0.51298649306386812     
   8.4799999999994878E-005  0.51282929675469058     
   8.4899999999994827E-005  0.51267379592678441     
   8.4999999999994775E-005  0.51251981903605015     
   8.5099999999994723E-005  0.51236728092709005     
   8.5199999999994671E-005  0.51221641877207436     
   8.5299999999994619E-005  0.51206701127771093     
   8.5399999999994568E-005  0.51191915314326175     
   8.5499999999994516E-005  0.51177291165292205     
   8.5599999999994464E-005  0.51162820336630033     
   8.5699999999994412E-005  0.51148498713706025     
   8.5799999999994361E-005  0.51134344345195404     
   8.5899999999994309E-005  0.51120346348237311     
   8.5999999999994257E-005  0.51106507818122604     
   8.6099999999994205E-005  0.51092817965906512     
   8.6199999999994153E-005  0.51079277224651498     
   8.6299999999994102E-005  0.51065888921475999     
   8.6399999999994050E-005  0.51052638807363315     
   8.6499999999993998E-005  0.51039518750418411     
   8.6599999999993946E-005  0.51026537575930020     
   8.6699999999993895E-005  0.51013698139173147     
   8.6799999999993843E-005  0.51000995249599634     
   8.6899999999993791E-005  0.50988445206911803     
   8.6999999999993739E-005  0.50976048324002854     
   8.7099999999993687E-005  0.50963803848198985     
   8.7199999999993636E-005  0.50951703804176274     
   8.7299999999993584E-005  0.50939736661632362     
   8.7399999999993532E-005  0.50927910570375334     
   8.7499999999993480E-005  0.50916229852829686     
   8.7599999999993429E-005  0.50904688292613087     
   8.7699999999993377E-005  0.50893287049633895     
   8.7799999999993325E-005  0.50882033821899408     
   8.7899999999993273E-005  0.50870908394381009     
   8.7999999999993221E-005  0.50859920656400515     
   8.8099999999993170E-005  0.50849070625489479     
   8.8199999999993118E-005  0.50838356775933924     
   8.8299999999993066E-005  0.50827760628645735     
   8.8399999999993014E-005  0.50817294607751329     
   8.8499999999992963E-005  0.50806969313373396     
   8.8599999999992911E-005  0.50796769592134439     
   8.8699999999992859E-005  0.50786689319322154     
   8.8799999999992807E-005  0.50776738848694325     
   8.8899999999992755E-005  0.50766923210449644     
   8.8999999999992704E-005  0.50757240409199256     
   8.9099999999992652E-005  0.50747689968194254     
   8.9199999999992600E-005  0.50738255042660352     
   8.9299999999992548E-005  0.50728951869425798     
   8.9399999999992497E-005  0.50719790305724211     
   8.9499999999992445E-005  0.50710763736526510     
   8.9599999999992393E-005  0.50701878402555833     
   8.9699999999992341E-005  0.50693130946058962     
   8.9799999999992289E-005  0.50684498639606479     
   8.9899999999992238E-005  0.50675987357549723     
   8.9999999999992186E-005  0.50667630968447630     
   9.0099999999992134E-005  0.50659425275354220     
   9.0199999999992082E-005  0.50651353511226282     
   9.0299999999992031E-005  0.50643413987476082     
   9.0399999999991979E-005  0.50635605777668224     
   9.0499999999991927E-005  0.50627938987940946     
   9.0599999999991875E-005  0.50620396612464225     
   9.0699999999991823E-005  0.50612958404809383     
   9.0799999999991772E-005  0.50605629305273236     
   9.0899999999991720E-005  0.50598425342703446     
   9.0999999999991668E-005  0.50591335206775334     
   9.1099999999991616E-005  0.50584388549469250     
   9.1199999999991565E-005  0.50577569099576125     
   9.1299999999991513E-005  0.50570879809262903     
   9.1399999999991461E-005  0.50564320140676655     
   9.1499999999991409E-005  0.50557887417791203     
   9.1599999999991357E-005  0.50551572950335300     
   9.1699999999991306E-005  0.50545366273032655     
   9.1799999999991254E-005  0.50539291005847631     
   9.1899999999991202E-005  0.50533331788465574     
   9.1999999999991150E-005  0.50527488633754691     
   9.2099999999991098E-005  0.50521761370020279     
   9.2199999999991047E-005  0.50516156783655952     
   9.2299999999990995E-005  0.50510660028305965     
   9.2399999999990943E-005  0.50505269482783322     
   9.2499999999990891E-005  0.50499971349509498     
   9.2599999999990840E-005  0.50494777737120111     
   9.2699999999990788E-005  0.50489686882883278     
   9.2799999999990736E-005  0.50484698185540899     
   9.2899999999990684E-005  0.50479813733221512     
   9.2999999999990632E-005  0.50475036855952238     
   9.3099999999990581E-005  0.50470345590857812     
   9.3199999999990529E-005  0.50465738753978240     
   9.3299999999990477E-005  0.50461235328348741     
   9.3399999999990425E-005  0.50456824504092979     
   9.3499999999990374E-005  0.50452511646618881     
   9.3599999999990322E-005  0.50448302639364950     
   9.3699999999990270E-005  0.50444195730044816     
   9.3799999999990218E-005  0.50440175468639814     
   9.3899999999990166E-005  0.50436258329603689     
   9.3999999999990115E-005  0.50432430011719309     
   9.4099999999990063E-005  0.50428714156807664     
   9.4199999999990011E-005  0.50425119385497208     
   9.4299999999989959E-005  0.50421649421599624     
   9.4399999999989908E-005  0.50418283711142109     
   9.4499999999989856E-005  0.50415012105651036     
   9.4599999999989804E-005  0.50411845814890244     
   9.4699999999989752E-005  0.50408789524937470     
   9.4799999999989700E-005  0.50405836163030515     
   9.4899999999989649E-005  0.50402977902375867     
   9.4999999999989597E-005  0.50400205490805683     
   9.5099999999989545E-005  0.50397533740514211     
   9.5199999999989493E-005  0.50394956580702965     
   9.5299999999989442E-005  0.50392475097727196     
   9.5399999999989390E-005  0.50390102511992263     
   9.5499999999989338E-005  0.50387825979098555     
   9.5599999999989286E-005  0.50385648118167847     
   9.5699999999989234E-005  0.50383559810568534     
   9.5799999999989183E-005  0.50381553392285072     
   9.5899999999989131E-005  0.50379632902773563     
   9.5999999999989079E-005  0.50377800387337679     
   9.6099999999989027E-005  0.50376030044756837     
   9.6199999999988976E-005  0.50374333589415743     
   9.6299999999988924E-005  0.50372706017164171     
   9.6399999999988872E-005  0.50371160314091390     
   9.6499999999988820E-005  0.50369694405717147     
   9.6599999999988768E-005  0.50368293732894243     
   9.6699999999988717E-005  0.50366984240803991     
   9.6799999999988665E-005  0.50365774054354762     
   9.6899999999988613E-005  0.50364661823893175     
   9.6999999999988561E-005  0.50363626743020229     
   9.7099999999988510E-005  0.50362656205339651     
   9.7199999999988458E-005  0.50361755068607983     
   9.7299999999988406E-005  0.50360929859627868     
   9.7399999999988354E-005  0.50360162941496567     
   9.7499999999988302E-005  0.50359475722788838     
   9.7599999999988251E-005  0.50358856304434385     
   9.7699999999988199E-005  0.50358292555561812     
   9.7799999999988147E-005  0.50357762471896628     
   9.7899999999988095E-005  0.50357268022055646     
   9.7999999999988044E-005  0.50356805886143008     
   9.8099999999987992E-005  0.50356394034742458     
   9.8199999999987940E-005  0.50356030420744313     
   9.8299999999987888E-005  0.50355722532822056     
   9.8399999999987836E-005  0.50355461848214422     
   9.8499999999987785E-005  0.50355254607163047     
   9.8599999999987733E-005  0.50355105501393926     
   9.8699999999987681E-005  0.50355009783679772     
   9.8799999999987629E-005  0.50354974871827152     
   9.8899999999987577E-005  0.50354976902563131     
   9.8999999999987526E-005  0.50355025949600118     
   9.9099999999987474E-005  0.50355124244229932     
   9.9199999999987422E-005  0.50355265471821864     
   9.9299999999987370E-005  0.50355428296601301     
   9.9399999999987319E-005  0.50355611858837146     
   9.9499999999987267E-005  0.50355835135932903     
   9.9599999999987215E-005  0.50356090183338653     
   9.9699999999987163E-005  0.50356372896204371     
   9.9799999999987111E-005  0.50356666200211042     
   9.9899999999987060E-005  0.50356995187732512     
   9.9999999999987008E-005  0.50357367380397222     
   1.0009999999998696E-004  0.50357762700362851     
   1.0019999999998690E-004  0.50358176651481557     
   1.0029999999998685E-004  0.50358629628304163     
   1.0039999999998680E-004  0.50359107634862721     
   1.0049999999998675E-004  0.50359585335516543     
   1.0059999999998670E-004  0.50360074154356282     
   1.0069999999998665E-004  0.50360564269133923     
   1.0079999999998659E-004  0.50361061718387534     
   1.0089999999998654E-004  0.50361554693339783     
   1.0099999999998649E-004  0.50362043017754177     
   1.0109999999998644E-004  0.50362518736576056     
   1.0119999999998639E-004  0.50362975030664014     
   1.0129999999998633E-004  0.50363418694810835     
   1.0139999999998628E-004  0.50363852649222152     
   1.0149999999998623E-004  0.50364272550288658     
   1.0159999999998618E-004  0.50364677649098377     
   1.0169999999998613E-004  0.50365061836744585     
   1.0179999999998608E-004  0.50365415057084850     
   1.0189999999998602E-004  0.50365758470102240     
   1.0199999999998597E-004  0.50366083500191328     
   1.0209999999998592E-004  0.50366376840212113     
   1.0219999999998587E-004  0.50366627478518422     
   1.0229999999998582E-004  0.50366848278223653     
   1.0239999999998577E-004  0.50367033685948803     
   1.0249999999998571E-004  0.50367179945780360     
   1.0259999999998566E-004  0.50367281088298932     
   1.0269999999998561E-004  0.50367340579900233     
   1.0279999999998556E-004  0.50367358692626429     
   1.0289999999998551E-004  0.50367331779229174     
   1.0299999999998545E-004  0.50367270994121371     
   1.0309999999998540E-004  0.50367164277723087     
   1.0319999999998535E-004  0.50367028541039760     
   1.0329999999998530E-004  0.50366840439813321     
   1.0339999999998525E-004  0.50366592939640453     
   1.0349999999998520E-004  0.50366294096797048     
   1.0359999999998514E-004  0.50365935223120639     
   1.0369999999998509E-004  0.50365509986819901     
   1.0379999999998504E-004  0.50365021169462632     
   1.0389999999998499E-004  0.50364447943543800     
   1.0399999999998494E-004  0.50363798806538107     
   1.0409999999998488E-004  0.50363055089851116     
   1.0419999999998483E-004  0.50362221605215818     
   1.0429999999998478E-004  0.50361302671062336     
   1.0439999999998473E-004  0.50360284527566768     
   1.0449999999998468E-004  0.50359177566929247     
   1.0459999999998463E-004  0.50357973324475658     
   1.0469999999998457E-004  0.50356673279713182     
   1.0479999999998452E-004  0.50355286603446170     
   1.0489999999998447E-004  0.50353811789010994     
   1.0499999999998442E-004  0.50352238960500051     
   1.0509999999998437E-004  0.50350561476636602     
   1.0519999999998432E-004  0.50348780753198707     
   1.0529999999998426E-004  0.50346894558520450     
   1.0539999999998421E-004  0.50344923780623974     
   1.0549999999998416E-004  0.50342867601916663     
   1.0559999999998411E-004  0.50340728574025384     
   1.0569999999998406E-004  0.50338496794573018     
   1.0579999999998400E-004  0.50336188873839671     
   1.0589999999998395E-004  0.50333799821879233     
   1.0599999999998390E-004  0.50331336883702671     
   1.0609999999998385E-004  0.50328807776000295     
   1.0619999999998380E-004  0.50326215833431254     
   1.0629999999998375E-004  0.50323555724799574     
   1.0639999999998369E-004  0.50320816409011870     
   1.0649999999998364E-004  0.50318002891159608     
   1.0659999999998359E-004  0.50315113680026124     
   1.0669999999998354E-004  0.50312164244242163     
   1.0679999999998349E-004  0.50309149048081381     
   1.0689999999998344E-004  0.50306066215195566     
   1.0699999999998338E-004  0.50302921849781390     
   1.0709999999998333E-004  0.50299711454714813     
   1.0719999999998328E-004  0.50296459138739669     
   1.0729999999998323E-004  0.50293160168863893     
   1.0739999999998318E-004  0.50289797882411313     
   1.0749999999998312E-004  0.50286385360374730     
   1.0759999999998307E-004  0.50282926829115826     
   1.0769999999998302E-004  0.50279405753435691     
   1.0779999999998297E-004  0.50275838644288795     
   1.0789999999998292E-004  0.50272217853705037     
   1.0799999999998287E-004  0.50268549973803345     
   1.0809999999998281E-004  0.50264828681226725     
   1.0819999999998276E-004  0.50261069621893173     
   1.0829999999998271E-004  0.50257269501165958     
   1.0839999999998266E-004  0.50253442679282945     
   1.0849999999998261E-004  0.50249586161880444     
   1.0859999999998255E-004  0.50245708529116617     
   1.0869999999998250E-004  0.50241813523814061     
   1.0879999999998245E-004  0.50237901315867162     
   1.0889999999998240E-004  0.50233967925836831     
   1.0899999999998235E-004  0.50229997801397641     
   1.0909999999998230E-004  0.50225980078237475     
   1.0919999999998224E-004  0.50221928322727560     
   1.0929999999998219E-004  0.50217847930800530     
   1.0939999999998214E-004  0.50213733960389084     
   1.0949999999998209E-004  0.50209587124477684     
   1.0959999999998204E-004  0.50205401060897237     
   1.0969999999998199E-004  0.50201172337689548     
   1.0979999999998193E-004  0.50196853836103428     
   1.0989999999998188E-004  0.50192429471306910     
   1.0999999999998183E-004  0.50187932362841203     
   1.1009999999998178E-004  0.50183372602886467     
   1.1019999999998173E-004  0.50178717732578126     
   1.1029999999998167E-004  0.50173959444670202     
   1.1039999999998162E-004  0.50169097952983122     
   1.1049999999998157E-004  0.50164140069330765     
   1.1059999999998152E-004  0.50159091301337622     
   1.1069999999998147E-004  0.50153943651343291     
   1.1079999999998142E-004  0.50148690064665058     
   1.1089999999998136E-004  0.50143335364455632     
   1.1099999999998131E-004  0.50137877891877103     
   1.1109999999998126E-004  0.50132324503337722     
   1.1119999999998121E-004  0.50126669258104961     
   1.1129999999998116E-004  0.50120912174673127     
   1.1139999999998111E-004  0.50115055846474488     
   1.1149999999998105E-004  0.50109083115940811     
   1.1159999999998100E-004  0.50102990870268516     
   1.1169999999998095E-004  0.50096789583827350     
   1.1179999999998090E-004  0.50090472371118455     
   1.1189999999998085E-004  0.50084051758487602     
   1.1199999999998079E-004  0.50077514013340696     
   1.1209999999998074E-004  0.50070884327464915     
   1.1219999999998069E-004  0.50064177906429175     
   1.1229999999998064E-004  0.50057396271520815     
   1.1239999999998059E-004  0.50050540952617395     
   1.1249999999998054E-004  0.50043606183956990     
   1.1259999999998048E-004  0.50036609512537267     
   1.1269999999998043E-004  0.50029534899177919     
   1.1279999999998038E-004  0.50022392209790678     
   1.1289999999998033E-004  0.50015188136665678     
   1.1299999999998028E-004  0.50007913303789431     
   1.1309999999998022E-004  0.50000565195698732     
   1.1319999999998017E-004  0.49993156122129850     
   1.1329999999998012E-004  0.49985689394637173     
   1.1339999999998007E-004  0.49978169831937713     
   1.1349999999998002E-004  0.49970608190738025     
   1.1359999999997997E-004  0.49962997611008525     
   1.1369999999997991E-004  0.49955346477478141     
   1.1379999999997986E-004  0.49947657852666394     
   1.1389999999997981E-004  0.49939936940155122     
   1.1399999999997976E-004  0.49932186563776199     
   1.1409999999997971E-004  0.49924409481795379     
   1.1419999999997966E-004  0.49916606580845757     
   1.1429999999997960E-004  0.49908760251607970     
   1.1439999999997955E-004  0.49900889710371049     
   1.1449999999997950E-004  0.49892998656616983     
   1.1459999999997945E-004  0.49885080889958827     
   1.1469999999997940E-004  0.49877121470676283     
   1.1479999999997934E-004  0.49869120901609598     
   1.1489999999997929E-004  0.49861096156663626     
   1.1499999999997924E-004  0.49853035251819416     
   1.1509999999997919E-004  0.49844928541917805     
   1.1519999999997914E-004  0.49836774938951095     
   1.1529999999997909E-004  0.49828590489179403     
   1.1539999999997903E-004  0.49820372640165356     
   1.1549999999997898E-004  0.49812120543038746     
   1.1559999999997893E-004  0.49803852216561745     
   1.1569999999997888E-004  0.49795549713988457     
   1.1579999999997883E-004  0.49787225210329539     
   1.1589999999997877E-004  0.49778885091246255     
   1.1599999999997872E-004  0.49770524615563616     
   1.1609999999997867E-004  0.49762141449363928     
   1.1619999999997862E-004  0.49753746903354340     
   1.1629999999997857E-004  0.49745342240268714     
   1.1639999999997852E-004  0.49736903153729872     
   1.1649999999997846E-004  0.49728443189254912     
   1.1659999999997841E-004  0.49719979357099714     
   1.1669999999997836E-004  0.49711498720455238     
   1.1679999999997831E-004  0.49702995162983032     
   1.1689999999997826E-004  0.49694471243347943     
   1.1699999999997821E-004  0.49685934701481516     
   1.1709999999997815E-004  0.49677387940611284     
   1.1719999999997810E-004  0.49668826630388230     
   1.1729999999997805E-004  0.49660260504141851     
   1.1739999999997800E-004  0.49651689572756552     
   1.1749999999997795E-004  0.49643113530921840     
   1.1759999999997789E-004  0.49634525105604904     
   1.1769999999997784E-004  0.49625920549975783     
   1.1779999999997779E-004  0.49617296930011168     
   1.1789999999997774E-004  0.49608651290833650     
   1.1799999999997769E-004  0.49599973185321639     
   1.1809999999997764E-004  0.49591267155041246     
   1.1819999999997758E-004  0.49582561997629665     
   1.1829999999997753E-004  0.49573848013419830     
   1.1839999999997748E-004  0.49565118715802031     
   1.1849999999997743E-004  0.49556386988491052     
   1.1859999999997738E-004  0.49547647636227354     
   1.1869999999997733E-004  0.49538881611171393     
   1.1879999999997727E-004  0.49530103038556900     
   1.1889999999997722E-004  0.49521311782631566     
   1.1899999999997717E-004  0.49512515371982835     
   1.1909999999997712E-004  0.49503731031964421     
   1.1919999999997707E-004  0.49494938299297486     
   1.1929999999997701E-004  0.49486142628470742     
   1.1939999999997696E-004  0.49477354464858175     
   1.1949999999997691E-004  0.49468571579246551     
   1.1959999999997686E-004  0.49459788674126848     
   1.1969999999997681E-004  0.49451015361607426     
   1.1979999999997676E-004  0.49442244936986979     
   1.1989999999997670E-004  0.49433482045033444     
   1.1999999999997665E-004  0.49424743259245846     
