# RMS shrinking factor for the case B02Ra9CT10
   1.0999999999999998E-007  0.99999911461495150     
   2.1000000000000008E-007  0.99999820726846300     
   3.1000000000000016E-007  0.99999727759307799     
   4.1000000000000026E-007  0.99999632522643001     
   5.1000000000000031E-007  0.99999534980313054     
   6.1000000000000041E-007  0.99999435095491984     
   7.1000000000000051E-007  0.99999332831066878     
   8.1000000000000061E-007  0.99999239051876898     
   9.1000000000000071E-007  0.99999242394168686     
   1.0100000000000003E-006  0.99999245807190529     
   1.1099999999999993E-006  0.99999249298787929     
   1.2099999999999984E-006  0.99999252870203836     
   1.3099999999999974E-006  0.99999256522670676     
   1.4099999999999965E-006  0.99999260257419775     
   1.5099999999999955E-006  0.99999264075684335     
   1.6099999999999945E-006  0.99999267978704076     
   1.7099999999999936E-006  0.99999140992852587     
   1.8099999999999926E-006  0.99999009399596905     
   1.9099999999999919E-006  0.99998874945083116     
   2.0099999999999909E-006  0.99998737588325493     
   2.1099999999999900E-006  0.99998597287993773     
   2.2099999999999890E-006  0.99998454002476489     
   2.3099999999999880E-006  0.99998307689878985     
   2.4099999999999871E-006  0.99998158308021623     
   2.5099999999999861E-006  0.99998147966480488     
   2.6099999999999852E-006  0.99998153363429598     
   2.7099999999999842E-006  0.99998158870890674     
   2.8099999999999833E-006  0.99998164490446684     
   2.9099999999999823E-006  0.99998170223683835     
   3.0099999999999813E-006  0.99998176072161238     
   3.1099999999999804E-006  0.99998182037433625     
   3.2099999999999794E-006  0.99998188121056975     
   3.3099999999999785E-006  0.99998029000862065     
   3.4099999999999775E-006  0.99997845142306019     
   3.5099999999999766E-006  0.99997657703802523     
   3.6099999999999756E-006  0.99997466639529509     
   3.7099999999999746E-006  0.99997271903203688     
   3.8099999999999737E-006  0.99997073448272378     
   3.9099999999999727E-006  0.99996871227867712     
   4.0099999999999718E-006  0.99996665194897760     
   4.1099999999999708E-006  0.99996629971883477     
   4.2099999999999699E-006  0.99996638156549278     
   4.3099999999999689E-006  0.99996646492277719     
   4.4099999999999679E-006  0.99996654980943345     
   4.5099999999999670E-006  0.99996663624524262     
   4.6099999999999660E-006  0.99996672424950894     
   4.7099999999999651E-006  0.99996681384140396     
   4.8099999999999641E-006  0.99996690504008967     
   4.9099999999999632E-006  0.99996525569211270     
   5.0099999999999622E-006  0.99996277272239598     
   5.1099999999999612E-006  0.99996024595573896     
   5.2099999999999603E-006  0.99995767490201592     
   5.3099999999999593E-006  0.99995505905555038     
   5.4099999999999584E-006  0.99995239790548329     
   5.5099999999999574E-006  0.99994969093696562     
   5.6099999999999565E-006  0.99994693763169351     
   5.7099999999999555E-006  0.99994589393402988     
   5.8099999999999545E-006  0.99994601311866582     
   5.9099999999999536E-006  0.99994613431939061     
   6.0099999999999526E-006  0.99994625754579547     
   6.1099999999999517E-006  0.99994638282221093     
   6.2099999999999507E-006  0.99994651017197445     
   6.3099999999999498E-006  0.99994663961813057     
   6.4099999999999488E-006  0.99994677118382314     
   6.5099999999999478E-006  0.99994493542260088     
   6.6099999999999469E-006  0.99994167494751274     
   6.7099999999999459E-006  0.99993836201658837     
   6.8099999999999450E-006  0.99993499604907687     
   6.9099999999999440E-006  0.99993157648661257     
   7.0099999999999430E-006  0.99992810276800892     
   7.1099999999999421E-006  0.99992457432935944     
   7.2099999999999411E-006  0.99992099060402073     
   7.3099999999999402E-006  0.99991926032410061     
   7.4099999999999392E-006  0.99991942722610960     
   7.5099999999999383E-006  0.99991959663523533     
   7.6099999999999373E-006  0.99991976864040899     
   7.7099999999999363E-006  0.99991994327055445     
   7.8099999999999354E-006  0.99992012055349677     
   7.9099999999999344E-006  0.99992030051662617     
   8.0099999999999335E-006  0.99992048318721038     
   8.1099999999999325E-006  0.99991899066493506     
   8.2099999999999316E-006  0.99991479058774424     
   8.3099999999999306E-006  0.99991052822273307     
   8.4099999999999296E-006  0.99990620306272515     
   8.5099999999999287E-006  0.99990181450929594     
   8.6099999999999277E-006  0.99989736285309061     
   8.7099999999999268E-006  0.99989284700361791     
   8.8099999999999258E-006  0.99988826593215985     
   8.9099999999999249E-006  0.99988508760195216     
   9.0099999999999239E-006  0.99988531559377769     
   9.1099999999999229E-006  0.99988554656221851     
   9.2099999999999220E-006  0.99988578080062296     
   9.3099999999999210E-006  0.99988601834327651     
   9.4099999999999201E-006  0.99988625922291752     
   9.5099999999999191E-006  0.99988650347159824     
   9.6099999999999182E-006  0.99988675112111958     
   9.7099999999999172E-006  0.99988542313301987     
   9.8099999999999162E-006  0.99988008986069032     
   9.9099999999999153E-006  0.99987468347717878     
   1.0009999999999914E-005  0.99986920199070173     
   1.0109999999999913E-005  0.99986364560574315     
   1.0209999999999912E-005  0.99985801291780774     
   1.0309999999999911E-005  0.99985230444079165     
   1.0409999999999910E-005  0.99984651951058612     
   1.0509999999999910E-005  0.99984189729610673     
   1.0609999999999909E-005  0.99984220367736887     
   1.0709999999999908E-005  0.99984251433819349     
   1.0809999999999907E-005  0.99984282908566002     
   1.0909999999999906E-005  0.99984314796006435     
   1.1009999999999905E-005  0.99984347099980198     
   1.1109999999999904E-005  0.99984379824228364     
   1.1209999999999903E-005  0.99984412972454351     
   1.1309999999999902E-005  0.99984381710235926     
   1.1409999999999901E-005  0.99983721068243281     
   1.1509999999999900E-005  0.99983046901330364     
   1.1609999999999899E-005  0.99982364173272142     
   1.1709999999999898E-005  0.99981672871090121     
   1.1809999999999897E-005  0.99980972916145716     
   1.1909999999999896E-005  0.99980264189142243     
   1.2009999999999895E-005  0.99979546618230175     
   1.2109999999999894E-005  0.99978820131442314     
   1.2209999999999893E-005  0.99978860396708247     
   1.2309999999999892E-005  0.99978901136507869     
   1.2409999999999891E-005  0.99978942376741620     
   1.2509999999999890E-005  0.99978984121982173     
   1.2609999999999889E-005  0.99979026376687741     
   1.2709999999999888E-005  0.99979069145162502     
   1.2809999999999888E-005  0.99979112431650752     
   1.2909999999999887E-005  0.99979156240376688     
   1.3009999999999886E-005  0.99978349798043664     
   1.3109999999999885E-005  0.99977522004462926     
   1.3209999999999884E-005  0.99976684399719018     
   1.3309999999999883E-005  0.99975837024969150     
   1.3409999999999882E-005  0.99974979681669940     
   1.3509999999999881E-005  0.99974112342290988     
   1.3609999999999880E-005  0.99973235017085549     
   1.3709999999999879E-005  0.99972347487282642     
   1.3809999999999878E-005  0.99972304762641384     
   1.3909999999999877E-005  0.99972357071943541     
   1.4009999999999876E-005  0.99972409984424648     
   1.4109999999999875E-005  0.99972463505107023     
   1.4209999999999874E-005  0.99972517639098968     
   1.4309999999999873E-005  0.99972572391303349     
   1.4409999999999872E-005  0.99972627766541855     
   1.4509999999999871E-005  0.99972683769603954     
   1.4609999999999870E-005  0.99971913696431014     
   1.4709999999999869E-005  0.99970908428983929     
   1.4809999999999868E-005  0.99969892228591339     
   1.4909999999999867E-005  0.99968864871856844     
   1.5009999999999866E-005  0.99967826157686257     
   1.5109999999999865E-005  0.99966776086511466     
   1.5209999999999865E-005  0.99965714517815951     
   1.5309999999999872E-005  0.99964641348009708     
   1.5409999999999888E-005  0.99964363288875591     
   1.5509999999999904E-005  0.99964429792052756     
   1.5609999999999920E-005  0.99964497019110554     
   1.5709999999999936E-005  0.99964564973817716     
   1.5809999999999952E-005  0.99964633662048263     
   1.5909999999999968E-005  0.99964703089376405     
   1.6009999999999984E-005  0.99964773261253814     
   1.6110000000000000E-005  0.99964844183080948     
   1.6210000000000016E-005  0.99964045112829514     
   1.6310000000000032E-005  0.99962838514573216     
   1.6410000000000048E-005  0.99961619358324816     
   1.6510000000000064E-005  0.99960387446960197     
   1.6610000000000080E-005  0.99959142681465329     
   1.6710000000000096E-005  0.99957884985729550     
   1.6810000000000112E-005  0.99956614245350728     
   1.6910000000000128E-005  0.99955330507524398     
   1.7010000000000144E-005  0.99954862906811903     
   1.7110000000000160E-005  0.99954946067606287     
   1.7210000000000176E-005  0.99955030088705077     
   1.7310000000000192E-005  0.99955114969175096     
   1.7410000000000208E-005  0.99955200715699299     
   1.7510000000000224E-005  0.99955287334573206     
   1.7610000000000240E-005  0.99955374831925903     
   1.7710000000000256E-005  0.99955463213815687     
   1.7810000000000272E-005  0.99954815712557388     
   1.7910000000000288E-005  0.99953384576270010     
   1.8010000000000304E-005  0.99951939127264333     
   1.8110000000000320E-005  0.99950479396829373     
   1.8210000000000336E-005  0.99949005299839466     
   1.8310000000000352E-005  0.99947516825014104     
   1.8410000000000368E-005  0.99946013715116488     
   1.8510000000000384E-005  0.99944495936542144     
   1.8610000000000399E-005  0.99943618792071276     
   1.8710000000000415E-005  0.99943721077872705     
   1.8810000000000431E-005  0.99943824376457002     
   1.8910000000000447E-005  0.99943928675118732     
   1.9010000000000463E-005  0.99944033981050651     
   1.9110000000000479E-005  0.99944140301218531     
   1.9210000000000495E-005  0.99944247642667872     
   1.9310000000000511E-005  0.99944356012454227     
   1.9410000000000527E-005  0.99943773166002980     
   1.9510000000000543E-005  0.99942084288299815     
   1.9610000000000559E-005  0.99940379097949894     
   1.9710000000000575E-005  0.99938657944761522     
   1.9810000000000591E-005  0.99936920804900420     
   1.9910000000000607E-005  0.99935167916867451     
   2.0010000000000623E-005  0.99933398813559027     
   2.0110000000000639E-005  0.99931613682834208     
   2.0210000000000655E-005  0.99930391665160645     
   2.0310000000000671E-005  0.99930516999327001     
   2.0410000000000687E-005  0.99930643393419594     
   2.0510000000000703E-005  0.99930770954904591     
   2.0610000000000719E-005  0.99930899677692586     
   2.0710000000000735E-005  0.99931029579800223     
   2.0810000000000751E-005  0.99931160670034258     
   2.0910000000000767E-005  0.99931292955835960     
   2.1010000000000783E-005  0.99931024576674654     
   2.1110000000000799E-005  0.99929058978196283     
   2.1210000000000815E-005  0.99927068386535922     
   2.1310000000000831E-005  0.99925060183653402     
   2.1410000000000847E-005  0.99923034270483813     
   2.1510000000000863E-005  0.99920990568372625     
   2.1610000000000879E-005  0.99918928942756635     
   2.1710000000000895E-005  0.99916849350996251     
   2.1810000000000911E-005  0.99914977007481431     
   2.1910000000000927E-005  0.99915128075380744     
   2.2010000000000943E-005  0.99915280219905522     
   2.2110000000000959E-005  0.99915433699376965     
   2.2210000000000975E-005  0.99915588523105858     
   2.2310000000000991E-005  0.99915744699864706     
   2.2410000000001007E-005  0.99915902238001431     
   2.2510000000001023E-005  0.99916061145684942     
   2.2610000000001039E-005  0.99915988344657714     
   2.2710000000001055E-005  0.99913720821478369     
   2.2810000000001071E-005  0.99911415439886841     
   2.2910000000001087E-005  0.99909090458846861     
   2.3010000000001103E-005  0.99906745826105392     
   2.3110000000001119E-005  0.99904381771635120     
   2.3210000000001135E-005  0.99901998024852579     
   2.3310000000001151E-005  0.99899594588111562     
   2.3410000000001167E-005  0.99897171447563771     
   2.3510000000001183E-005  0.99897351294802295     
   2.3610000000001199E-005  0.99897532567432212     
   2.3710000000001215E-005  0.99897715359957662     
   2.3810000000001231E-005  0.99897899688436520     
   2.3910000000001247E-005  0.99898085564176620     
   2.4010000000001263E-005  0.99898272996507187     
   2.4110000000001279E-005  0.99898461990745513     
   2.4210000000001295E-005  0.99898652549988221     
   2.4310000000001311E-005  0.99896338651754424     
   2.4410000000001327E-005  0.99893689626762761     
   2.4510000000001343E-005  0.99891019596200981     
   2.4610000000001358E-005  0.99888328556630757     
   2.4710000000001374E-005  0.99885616874411054     
   2.4810000000001390E-005  0.99882884057696775     
   2.4910000000001406E-005  0.99880129396338679     
   2.5010000000001422E-005  0.99877352868395664     
   2.5110000000001438E-005  0.99876965026233100     
   2.5210000000001454E-005  0.99877179056279841     
   2.5310000000001470E-005  0.99877394802898178     
   2.5410000000001486E-005  0.99877612274648664     
   2.5510000000001502E-005  0.99877831482205770     
   2.5610000000001518E-005  0.99878052435500464     
   2.5710000000001534E-005  0.99878275144130446     
   2.5810000000001550E-005  0.99878499617531824     
   2.5910000000001566E-005  0.99876177946741795     
   2.6010000000001582E-005  0.99873151171738528     
   2.6110000000001598E-005  0.99870101449460480     
   2.6210000000001614E-005  0.99867028321697582     
   2.6310000000001630E-005  0.99863931878799217     
   2.6410000000001646E-005  0.99860812578859637     
   2.6510000000001662E-005  0.99857670337407856     
   2.6610000000001678E-005  0.99854504869197069     
   2.6710000000001694E-005  0.99853725044755770     
   2.6810000000001710E-005  0.99853975732971811     
   2.6910000000001726E-005  0.99854228352713237     
   2.7010000000001742E-005  0.99854482908510400     
   2.7110000000001758E-005  0.99854739411741544     
   2.7210000000001774E-005  0.99854997878790619     
   2.7310000000001790E-005  0.99855258332771313     
   2.7410000000001806E-005  0.99855520783121998     
   2.7510000000001822E-005  0.99853614922266010     
   2.7610000000001838E-005  0.99850167388711242     
   2.7710000000001854E-005  0.99846694122672375     
   2.7810000000001870E-005  0.99843194631528542     
   2.7910000000001886E-005  0.99839670407657721     
   2.8010000000001902E-005  0.99836120671146533     
   2.8110000000001918E-005  0.99832545720314658     
   2.8210000000001934E-005  0.99828945017004089     
   2.8310000000001950E-005  0.99827280857602652     
   2.8410000000001966E-005  0.99827573953097748     
   2.8510000000001982E-005  0.99827869140013936     
   2.8610000000001998E-005  0.99828166493421489     
   2.8710000000002014E-005  0.99828466028725527     
   2.8810000000002030E-005  0.99828767756691983     
   2.8910000000002046E-005  0.99829071684492277     
   2.9010000000002062E-005  0.99829377824004406     
   2.9110000000002078E-005  0.99827636589196034     
   2.9210000000002094E-005  0.99823733645204826     
   2.9310000000002110E-005  0.99819802683444825     
   2.9410000000002126E-005  0.99815844123406505     
   2.9510000000002142E-005  0.99811858292723199     
   2.9610000000002158E-005  0.99807845381070803     
   2.9710000000002174E-005  0.99803805068892115     
   2.9810000000002190E-005  0.99799738248314940     
   2.9910000000002206E-005  0.99797420248637470     
   3.0010000000002222E-005  0.99797759227336769     
   3.0110000000002238E-005  0.99798100688419900     
   3.0210000000002254E-005  0.99798444576253442     
   3.0310000000002270E-005  0.99798790889372069     
   3.0410000000002286E-005  0.99799139640767542     
   3.0510000000002302E-005  0.99799490845808136     
   3.0610000000002317E-005  0.99799844518907477     
   3.0710000000002333E-005  0.99798823184121987     
   3.0810000000002349E-005  0.99794439174523664     
   3.0910000000002365E-005  0.99790016686586691     
   3.1010000000002381E-005  0.99785565475665006     
   3.1110000000002397E-005  0.99781084819212862     
   3.1210000000002413E-005  0.99776573742717511     
   3.1310000000002429E-005  0.99772032231772345     
   3.1410000000002445E-005  0.99767460826496102     
   3.1510000000002461E-005  0.99763859562458290     
   3.1610000000002477E-005  0.99764249256985538     
   3.1710000000002493E-005  0.99764641805648513     
   3.1810000000002509E-005  0.99765037019239489     
   3.1910000000002525E-005  0.99765434910233519     
   3.2010000000002541E-005  0.99765835491001431     
   3.2110000000002557E-005  0.99766238779702821     
   3.2210000000002573E-005  0.99766644784227043     
   3.2310000000002589E-005  0.99766019876624001     
   3.2410000000002605E-005  0.99761124515337252     
   3.2510000000002621E-005  0.99756172977353630     
   3.2610000000002637E-005  0.99751189553163089     
   3.2710000000002653E-005  0.99746174587047498     
   3.2810000000002669E-005  0.99741127871689550     
   3.2910000000002685E-005  0.99736049178495156     
   3.3010000000002701E-005  0.99730939206661984     
   3.3110000000002717E-005  0.99726357465168114     
   3.3210000000002733E-005  0.99726801225200357     
   3.3310000000002749E-005  0.99727247255110141     
   3.3410000000002765E-005  0.99727696204956440     
   3.3510000000002781E-005  0.99728148089749002     
   3.3610000000002797E-005  0.99728602927438781     
   3.3710000000002813E-005  0.99729060733946095     
   3.3810000000002829E-005  0.99729521525104481     
   3.3910000000002845E-005  0.99729985314024294     
   3.4010000000002861E-005  0.99724562810292738     
   3.4110000000002877E-005  0.99719038111390590     
   3.4210000000002893E-005  0.99713479224217882     
   3.4310000000002909E-005  0.99707886630273201     
   3.4410000000002925E-005  0.99702259725895948     
   3.4510000000002941E-005  0.99696598355740229     
   3.4610000000002957E-005  0.99690903136383402     
   3.4710000000002973E-005  0.99685173106926150     
   3.4810000000002989E-005  0.99685051213109843     
   3.4910000000003005E-005  0.99685557248523438     
   3.5010000000003021E-005  0.99686066495377024     
   3.5110000000003037E-005  0.99686578975274753     
   3.5210000000003053E-005  0.99687094705183643     
   3.5310000000003069E-005  0.99687613714364709     
   3.5410000000003085E-005  0.99688136016560347     
   3.5510000000003101E-005  0.99688661594960570     
   3.5610000000003117E-005  0.99683297961973005     
   3.5710000000003133E-005  0.99677163446978612     
   3.5810000000003149E-005  0.99670992752466847     
   3.5910000000003165E-005  0.99664787171922253     
   3.6010000000003181E-005  0.99658546388903113     
   3.6110000000003197E-005  0.99652270482947813     
   3.6210000000003213E-005  0.99645958077316710     
   3.6310000000003229E-005  0.99639609736897228     
   3.6410000000003245E-005  0.99638790432729352     
   3.6510000000003260E-005  0.99639361597267539     
   3.6610000000003276E-005  0.99639936257290918     
   3.6710000000003292E-005  0.99640514455070439     
   3.6810000000003308E-005  0.99641096256481876     
   3.6910000000003324E-005  0.99641681618616929     
   3.7010000000003340E-005  0.99642270523776855     
   3.7110000000003356E-005  0.99642862988886016     
   3.7210000000003372E-005  0.99638397504412479     
   3.7310000000003388E-005  0.99631638356101260     
   3.7410000000003404E-005  0.99624838158355755     
   3.7510000000003420E-005  0.99617997791127477     
   3.7610000000003436E-005  0.99611116832386126     
   3.7710000000003452E-005  0.99604197137780204     
   3.7810000000003468E-005  0.99597239317355712     
   3.7910000000003484E-005  0.99590240796843021     
   3.8010000000003500E-005  0.99587811980092933     
   3.8110000000003516E-005  0.99588450317647437     
   3.8210000000003532E-005  0.99589092522942702     
   3.8310000000003548E-005  0.99589738515302839     
   3.8410000000003564E-005  0.99590388315888201     
   3.8510000000003580E-005  0.99591041939806912     
   3.8610000000003596E-005  0.99591699402050249     
   3.8710000000003612E-005  0.99592360725555329     
   3.8810000000003628E-005  0.99588253158852902     
   3.8910000000003644E-005  0.99580809125972425     
   3.9010000000003660E-005  0.99573318824080304     
   3.9110000000003676E-005  0.99565787126900895     
   3.9210000000003692E-005  0.99558215367364078     
   3.9310000000003708E-005  0.99550603085411904     
   3.9410000000003724E-005  0.99542950657643625     
   3.9510000000003740E-005  0.99535257668775534     
   3.9610000000003756E-005  0.99531750159023913     
   3.9710000000003772E-005  0.99532461017092466     
   3.9810000000003788E-005  0.99533175831526044     
   3.9910000000003804E-005  0.99533894763866604     
   4.0010000000003820E-005  0.99534617790149948     
   4.0110000000003836E-005  0.99535344916820678     
   4.0210000000003852E-005  0.99536076156469366     
   4.0310000000003868E-005  0.99536811531950575     
   4.0410000000003884E-005  0.99534071142059555     
   4.0510000000003900E-005  0.99525909212299779     
   4.0610000000003916E-005  0.99517691765335092     
   4.0710000000003932E-005  0.99509432508952200     
   4.0810000000003948E-005  0.99501129836899327     
   4.0910000000003964E-005  0.99492785115460713     
   4.1010000000003980E-005  0.99484394558749090     
   4.1110000000003996E-005  0.99475959097902633     
   4.1210000000004012E-005  0.99470262843116142     
   4.1310000000004028E-005  0.99471051124308507     
   4.1410000000004044E-005  0.99471843227053003     
   4.1510000000004060E-005  0.99472639698690291     
   4.1610000000004076E-005  0.99473440528294699     
   4.1710000000004092E-005  0.99474245735574651     
   4.1810000000004108E-005  0.99475055319821348     
   4.1910000000004124E-005  0.99475869267883987     
   4.2010000000004140E-005  0.99473832767409021     
   4.2110000000004156E-005  0.99464902085167450     
   4.2210000000004172E-005  0.99455889517003393     
   4.2310000000004188E-005  0.99446832629362447     
   4.2410000000004204E-005  0.99437729355135873     
   4.2510000000004219E-005  0.99428579153897556     
   4.2610000000004235E-005  0.99419383719170096     
   4.2710000000004251E-005  0.99410147307306906     
   4.2810000000004267E-005  0.99402901695660228     
   4.2910000000004283E-005  0.99403773615290980     
   4.3010000000004299E-005  0.99404650603526179     
   4.3110000000004315E-005  0.99405532247502226     
   4.3210000000004331E-005  0.99406418642620020     
   4.3310000000004347E-005  0.99407309833021251     
   4.3410000000004363E-005  0.99408205758838653     
   4.3510000000004379E-005  0.99409106434864825     
   4.3610000000004395E-005  0.99408969090494581     
   4.3710000000004411E-005  0.99399287137402648     
   4.3810000000004427E-005  0.99389488243674129     
   4.3910000000004443E-005  0.99379639335358583     
   4.4010000000004459E-005  0.99369743911744746     
   4.4110000000004475E-005  0.99359799829048268     
   4.4210000000004491E-005  0.99349806563904808     
   4.4310000000004507E-005  0.99339767616299413     
   4.4410000000004523E-005  0.99329681952986648     
   4.4510000000004539E-005  0.99330636876855649     
   4.4610000000004555E-005  0.99331596198154315     
   4.4710000000004571E-005  0.99332560427954941     
   4.4810000000004587E-005  0.99333529619527139     
   4.4910000000004603E-005  0.99334503781982342     
   4.5010000000004619E-005  0.99335482911584250     
   4.5110000000004635E-005  0.99336467114139071     
   4.5210000000004651E-005  0.99337456369352128     
   4.5310000000004667E-005  0.99326974660760969     
   4.5410000000004683E-005  0.99316321881043945     
   4.5510000000004699E-005  0.99305618481966840     
   4.5610000000004715E-005  0.99294867297351996     
   4.5710000000004731E-005  0.99284068502923895     
   4.5810000000004747E-005  0.99273224306678720     
   4.5910000000004763E-005  0.99262331360465061     
   4.6010000000004779E-005  0.99251390683920659     
   4.6110000000004795E-005  0.99251229941739338     
   4.6210000000004811E-005  0.99252274307426602     
   4.6310000000004827E-005  0.99253323824866013     
   4.6410000000004843E-005  0.99254378526225595     
   4.6510000000004859E-005  0.99255438528682471     
   4.6610000000004875E-005  0.99256503907582228     
   4.6710000000004891E-005  0.99257574496256107     
   4.6810000000004907E-005  0.99258650323397724     
   4.6910000000004923E-005  0.99249802697845357     
   4.7010000000004939E-005  0.99238266351058735     
   4.7110000000004955E-005  0.99226668576120669     
   4.7210000000004971E-005  0.99215017830815477     
   4.7310000000004987E-005  0.99203317034775707     
   4.7410000000005003E-005  0.99191566581890644     
   4.7510000000005019E-005  0.99179763075169969     
   4.7610000000005035E-005  0.99167908132689653     
   4.7710000000005051E-005  0.99165136788049935     
   4.7810000000005067E-005  0.99166274584750980     
   4.7910000000005083E-005  0.99167418032193966     
   4.8010000000005099E-005  0.99168567127644136     
   4.8110000000005115E-005  0.99169721950056045     
   4.8210000000005131E-005  0.99170882320456144     
   4.8310000000005147E-005  0.99172048210763031     
   4.8410000000005162E-005  0.99173219641130317     
   4.8510000000005178E-005  0.99165011108181222     
   4.8610000000005194E-005  0.99152597661842079     
   4.8710000000005210E-005  0.99140111910846429     
   4.8810000000005226E-005  0.99127569685499317     
   4.8910000000005242E-005  0.99114974963128355     
   4.9010000000005258E-005  0.99102329212999429     
   4.9110000000005274E-005  0.99089633074882300     
   4.9210000000005290E-005  0.99076881766861480     
   4.9310000000005306E-005  0.99072497944974025     
   4.9410000000005322E-005  0.99073719632650337     
   4.9510000000005338E-005  0.99074947231238741     
   4.9610000000005354E-005  0.99076180529509561     
   4.9710000000005370E-005  0.99077419510499265     
   4.9810000000005386E-005  0.99078664220550172     
   4.9910000000005402E-005  0.99079914681810410     
   5.0010000000005418E-005  0.99081171085676401     
   5.0110000000005434E-005  0.99075254649843147     
   5.0210000000005450E-005  0.99061924806535706     
   5.0310000000005466E-005  0.99048497328092100     
   5.0410000000005482E-005  0.99035007445565026     
   5.0510000000005498E-005  0.99021458840434684     
   5.0610000000005514E-005  0.99007856720190179     
   5.0710000000005530E-005  0.98994199793871329     
   5.0810000000005546E-005  0.98980482755142518     
   5.0910000000005562E-005  0.98972750138660259     
   5.1010000000005578E-005  0.98974064088241398     
   5.1110000000005594E-005  0.98975384022951407     
   5.1210000000005610E-005  0.98976709697904275     
   5.1310000000005626E-005  0.98978041227261027     
   5.1410000000005642E-005  0.98979378589115607     
   5.1510000000005658E-005  0.98980721729210386     
   5.1610000000005674E-005  0.98982070800017385     
   5.1710000000005690E-005  0.98977260119339727     
   5.1810000000005706E-005  0.98962998649925205     
   5.1910000000005722E-005  0.98948625146477764     
   5.2010000000005738E-005  0.98934181229937779     
   5.2110000000005754E-005  0.98919674046805806     
   5.2210000000005770E-005  0.98905107469063480     
   5.2310000000005786E-005  0.98890484144608737     
   5.2410000000005802E-005  0.98875803059237855     
   5.2510000000005818E-005  0.98865911545390872     
   5.2610000000005834E-005  0.98867310526890650     
   5.2710000000005850E-005  0.98868714474046759     
   5.2810000000005866E-005  0.98870124364406842     
   5.2910000000005882E-005  0.98871540279404957     
   5.3010000000005898E-005  0.98872962313090618     
   5.3110000000005914E-005  0.98874390433512960     
   5.3210000000005930E-005  0.98875824552138503     
   5.3310000000005946E-005  0.98873977415685110     
   5.3410000000005962E-005  0.98858776969224915     
   5.3510000000005978E-005  0.98843400418696448     
   5.3610000000005994E-005  0.98827942987765016     
   5.3710000000006010E-005  0.98812415083363470     
   5.3810000000006026E-005  0.98796817948674398     
   5.3910000000006042E-005  0.98781155628962081     
   5.4010000000006058E-005  0.98765432294424571     
   5.4110000000006074E-005  0.98751377502417537     
   5.4210000000006090E-005  0.98752871437686451     
   5.4310000000006106E-005  0.98754369274440568     
   5.4410000000006121E-005  0.98755873223143820     
   5.4510000000006137E-005  0.98757383331141169     
   5.4610000000006153E-005  0.98758899581085835     
   5.4710000000006169E-005  0.98760421949306365     
   5.4810000000006185E-005  0.98761950312170388     
   5.4910000000006201E-005  0.98761727959190004     
   5.5010000000006217E-005  0.98745516032127378     
   5.5110000000006233E-005  0.98729143155760424     
   5.5210000000006249E-005  0.98712677409298266     
   5.5310000000006265E-005  0.98696141258329306     
   5.5410000000006281E-005  0.98679544033098265     
   5.5510000000006297E-005  0.98662882270374486     
   5.5610000000006313E-005  0.98646152624548333     
   5.5710000000006329E-005  0.98629352400892056     
   5.5810000000006345E-005  0.98630917926123973     
   5.5910000000006361E-005  0.98632488491085324     
   5.6010000000006377E-005  0.98634064673913480     
   5.6110000000006393E-005  0.98635646721434889     
   5.6210000000006409E-005  0.98637234457878975     
   5.6310000000006425E-005  0.98638827808001861     
   5.6410000000006441E-005  0.98640426889605060     
   5.6510000000006457E-005  0.98642031774115535     
   5.6610000000006473E-005  0.98626712399284966     
   5.6710000000006489E-005  0.98609315767992223     
   5.6810000000006505E-005  0.98591813892904623     
   5.6910000000006521E-005  0.98574234074040401     
   5.7010000000006537E-005  0.98556584481096343     
   5.7110000000006553E-005  0.98538864979228036     
   5.7210000000006569E-005  0.98521079798300126     
   5.7310000000006585E-005  0.98503232095812920     
   5.7410000000006601E-005  0.98500947361845925     
   5.7510000000006617E-005  0.98502565734006176     
   5.7610000000006633E-005  0.98504189031659439     
   5.7710000000006649E-005  0.98505817239208382     
   5.7810000000006665E-005  0.98507450140342478     
   5.7910000000006681E-005  0.98509087238714710     
   5.8010000000006697E-005  0.98510729069469705     
   5.8110000000006713E-005  0.98512375705175803     
   5.8210000000006729E-005  0.98498123698718631     
   5.8310000000006745E-005  0.98479727090702185     
   5.8410000000006761E-005  0.98461202615191790     
   5.8510000000006777E-005  0.98442580340577768     
   5.8610000000006793E-005  0.98423870903377142     
   5.8710000000006809E-005  0.98405082328399762     
   5.8810000000006825E-005  0.98386223279479645     
   5.8910000000006841E-005  0.98367298649362789     
   5.9010000000006857E-005  0.98362767416748775     
   5.9110000000006873E-005  0.98364424341898193     
   5.9210000000006889E-005  0.98366084675870713     
   5.9310000000006905E-005  0.98367748369796315     
   5.9410000000006921E-005  0.98369415225857693     
   5.9510000000006937E-005  0.98371084837545286     
   5.9610000000006953E-005  0.98372756867070699     
   5.9710000000006969E-005  0.98374431228676928     
   5.9810000000006985E-005  0.98363522643218582     
   5.9910000000007001E-005  0.98344073851721148     
   6.0010000000007017E-005  0.98324501244304319     
   6.0110000000007033E-005  0.98304833058588725     
   6.0210000000007049E-005  0.98285071774715793     
   6.0310000000007065E-005  0.98265222325158430     
   6.0410000000007080E-005  0.98245292675390861     
   6.0510000000007096E-005  0.98225278108503622     
   6.0610000000007112E-005  0.98216073905503531     
   6.0710000000007128E-005  0.98217738488387507     
   6.0810000000007144E-005  0.98219402322634330     
   6.0910000000007160E-005  0.98221065996744139     
   6.1010000000007176E-005  0.98222729221571015     
   6.1110000000007145E-005  0.98224391369093034     
   6.1210000000007093E-005  0.98226052287895016     
   6.1310000000007041E-005  0.98227712087982466     
   6.1410000000006990E-005  0.98218373391865677     
   6.1510000000006938E-005  0.98197905357091364     
   6.1610000000006886E-005  0.98177306385327512     
   6.1710000000006834E-005  0.98156594112395668     
   6.1810000000006782E-005  0.98135783490284512     
   6.1910000000006731E-005  0.98114875249858335     
   6.2010000000006679E-005  0.98093870609853862     
   6.2110000000006627E-005  0.98072773954843084     
   6.2210000000006575E-005  0.98060695539914622     
   6.2310000000006524E-005  0.98062250264289674     
   6.2410000000006472E-005  0.98063797968683919     
   6.2510000000006420E-005  0.98065337381959872     
   6.2610000000006368E-005  0.98066868042088096     
   6.2710000000006316E-005  0.98068389313353488     
   6.2810000000006265E-005  0.98069899791292281     
   6.2910000000006213E-005  0.98071399595381337     
   6.3010000000006161E-005  0.98066022625110094     
   6.3110000000006109E-005  0.98044505398622406     
   6.3210000000006058E-005  0.98022843964068895     
   6.3310000000006006E-005  0.98001061265874168     
   6.3410000000005954E-005  0.97979163581442308     
   6.3510000000005902E-005  0.97957160950144495     
   6.3610000000005850E-005  0.97935061080853947     
   6.3710000000005799E-005  0.97912866245592511     
   6.3810000000005747E-005  0.97895297204831477     
   6.3910000000005695E-005  0.97896554308099770     
   6.4010000000005643E-005  0.97897788217376425     
   6.4110000000005592E-005  0.97898996601358013     
   6.4210000000005540E-005  0.97900178258928805     
   6.4310000000005488E-005  0.97901331061572516     
   6.4410000000005436E-005  0.97902452702838172     
   6.4510000000005384E-005  0.97903541493087487     
   6.4610000000005333E-005  0.97899891358975333     
   6.4710000000005281E-005  0.97877302369078456     
   6.4810000000005229E-005  0.97854566228356377     
   6.4910000000005177E-005  0.97831696287054359     
   6.5010000000005126E-005  0.97808706145303981     
   6.5110000000005074E-005  0.97785609458316658     
   6.5210000000005022E-005  0.97762406035411775     
   6.5310000000004970E-005  0.97739098808397773     
   6.5410000000004918E-005  0.97718083419676138     
   6.5510000000004867E-005  0.97718645123136039     
   6.5610000000004815E-005  0.97719145118101403     
   6.5710000000004763E-005  0.97719583541784216     
   6.5810000000004711E-005  0.97719958432773613     
   6.5910000000004660E-005  0.97720267404591299     
   6.6010000000004608E-005  0.97720508584495325     
   6.6110000000004556E-005  0.97720679932611421     
   6.6210000000004504E-005  0.97720779566466520     
   6.6310000000004452E-005  0.97697316512174670     
   6.6410000000004401E-005  0.97673723219010711     
   6.6510000000004349E-005  0.97650019232346430     
   6.6610000000004297E-005  0.97626216747831240     
   6.6710000000004245E-005  0.97602314218674924     
   6.6810000000004194E-005  0.97578294374921959     
   6.6910000000004142E-005  0.97554188350781923     
   6.7010000000004090E-005  0.97530006380222423     
   6.7110000000004038E-005  0.97526865271080476     
   6.7210000000003986E-005  0.97525965800098835     
   6.7310000000003935E-005  0.97524956209711544     
   6.7410000000003883E-005  0.97523833616559696     
   6.7510000000003831E-005  0.97522594313178046     
   6.7610000000003779E-005  0.97521234642348997     
   6.7710000000003727E-005  0.97519749406358158     
   6.7810000000003676E-005  0.97518133319715639     
   6.7910000000003624E-005  0.97496230724432853     
   6.8010000000003572E-005  0.97472009623147116     
   6.8110000000003520E-005  0.97447699922769593     
   6.8210000000003469E-005  0.97423313121772193     
   6.8310000000003417E-005  0.97398869072854810     
   6.8410000000003365E-005  0.97374379317942039     
   6.8510000000003313E-005  0.97349848146958073     
   6.8610000000003261E-005  0.97325291348235410     
   6.8710000000003210E-005  0.97317940349304732     
   6.8810000000003158E-005  0.97314738589345173     
   6.8910000000003106E-005  0.97311290955589058     
   6.9010000000003054E-005  0.97307537051133353     
   6.9110000000003003E-005  0.97303464052507116     
   6.9210000000002951E-005  0.97299056901615666     
   6.9310000000002899E-005  0.97294230936943848     
   6.9410000000002847E-005  0.97288871935884380     
   6.9510000000002795E-005  0.97269075861731547     
   6.9610000000002744E-005  0.97242815870194543     
   6.9710000000002692E-005  0.97216024030835235     
   6.9810000000002640E-005  0.97188605514576565     
   6.9910000000002588E-005  0.97160382588964622     
   7.0010000000002537E-005  0.97131293327897017     
   7.0110000000002485E-005  0.97101263002996230     
   7.0210000000002433E-005  0.97070236354440387     
   7.0310000000002381E-005  0.97047277132580134     
   7.0410000000002329E-005  0.97028736271891547     
   7.0510000000002278E-005  0.97008228567541310     
   7.0610000000002226E-005  0.96985630041807513     
   7.0710000000002174E-005  0.96960775390683152     
   7.0810000000002122E-005  0.96933345689169004     
   7.0910000000002071E-005  0.96903153587566060     
   7.1010000000002019E-005  0.96870066237066832     
   7.1110000000001967E-005  0.96825688176147651     
   7.1210000000001915E-005  0.96772998541084465     
   7.1310000000001863E-005  0.96717085538873249     
   7.1410000000001812E-005  0.96657256589655960     
   7.1510000000001760E-005  0.96593262611078845     
   7.1610000000001708E-005  0.96524829829063818     
   7.1710000000001656E-005  0.96451642671545590     
   7.1810000000001605E-005  0.96373327957939403     
   7.1910000000001553E-005  0.96283208929248587     
   7.2010000000001501E-005  0.96180236740776515     
   7.2110000000001449E-005  0.96069954081964859     
   7.2210000000001397E-005  0.95951721578684979     
   7.2310000000001346E-005  0.95825107439445967     
   7.2410000000001294E-005  0.95688336534995266     
   7.2510000000001242E-005  0.95540212630153687     
   7.2610000000001190E-005  0.95380129204648822     
   7.2710000000001139E-005  0.95186697626688765     
   7.2810000000001087E-005  0.94953059461273603     
   7.2910000000001035E-005  0.94706661438304918     
   7.3010000000000983E-005  0.94445194978633595     
   7.3110000000000931E-005  0.94166730267504695     
   7.3210000000000880E-005  0.93867345625331666     
   7.3310000000000828E-005  0.93542516795120045     
   7.3410000000000776E-005  0.93189494974486375     
   7.3510000000000724E-005  0.92773221128365480     
   7.3610000000000673E-005  0.92272780543183297     
   7.3710000000000621E-005  0.91767416509177246     
   7.3810000000000569E-005  0.91244149307699807     
   7.3910000000000517E-005  0.90694178480816690     
   7.4010000000000465E-005  0.90112665756866017     
   7.4110000000000414E-005  0.89497219727464428     
   7.4210000000000362E-005  0.88846709416383485     
   7.4310000000000310E-005  0.88093789440676029     
   7.4410000000000258E-005  0.87246062712090855     
   7.4510000000000206E-005  0.86442872079521405     
   7.4610000000000155E-005  0.85640805526500485     
   7.4710000000000103E-005  0.84828183865357343     
   7.4810000000000051E-005  0.84003552696036066     
   7.4909999999999999E-005  0.83170362918064089     
   7.5009999999999948E-005  0.82333824122949928     
   7.5109999999999896E-005  0.81416094435713504     
   7.5209999999999844E-005  0.80412146165559539     
   7.5309999999999792E-005  0.79554507495493121     
   7.5409999999999740E-005  0.78746888688982264     
   7.5509999999999689E-005  0.77974368061987531     
   7.5609999999999637E-005  0.77236329353362865     
   7.5709999999999585E-005  0.76530425597627794     
   7.5809999999999533E-005  0.75854447381459322     
   7.5909999999999482E-005  0.75129261902790467     
   7.6009999999999430E-005  0.74232381082082521     
   7.6109999999999378E-005  0.73603674676653807     
   7.6209999999999326E-005  0.73038654044496620     
   7.6309999999999274E-005  0.72513047932206076     
   7.6409999999999223E-005  0.72020492270275016     
   7.6509999999999171E-005  0.71557687348928745     
   7.6609999999999119E-005  0.71120720493417267     
   7.6709999999999067E-005  0.70707589557678341     
   7.6809999999999016E-005  0.69940470396056698     
   7.6909999999998964E-005  0.69513418909108837     
   7.7009999999998912E-005  0.69137268894010628     
   7.7109999999998860E-005  0.68787494248835079     
   7.7209999999998808E-005  0.68457273632629523     
   7.7309999999998757E-005  0.68144197933116746     
   7.7409999999998705E-005  0.67848776405366962     
   7.7509999999998653E-005  0.67568160278419376     
   7.7609999999998601E-005  0.66950421149345296     
   7.7709999999998550E-005  0.66644667511484201     
   7.7809999999998498E-005  0.66385332908373851     
   7.7909999999998446E-005  0.66146684134566847     
   7.8009999999998394E-005  0.65923099637633387     
   7.8109999999998342E-005  0.65709410336247365     
   7.8209999999998291E-005  0.65502467751269178     
   7.8309999999998239E-005  0.65303533235815947     
   7.8409999999998187E-005  0.64759720130889187     
   7.8509999999998135E-005  0.64504999503683880     
   7.8609999999998084E-005  0.64307884027006912     
   7.8709999999998032E-005  0.64131447190388557     
   7.8809999999997980E-005  0.63967621022987786     
   7.8909999999997928E-005  0.63813374079623375     
   7.9009999999997876E-005  0.63667815398624372     
   7.9109999999997825E-005  0.63529386176856528     
   7.9209999999997773E-005  0.63079836870944539     
   7.9309999999997721E-005  0.62862455543137941     
   7.9409999999997669E-005  0.62713668128061761     
   7.9509999999997618E-005  0.62586044779341099     
   7.9609999999997566E-005  0.62469458394559907     
   7.9709999999997514E-005  0.62360690980703271     
   7.9809999999997462E-005  0.62258381976588795     
   7.9909999999997410E-005  0.62161881435620081     
   8.0009999999997359E-005  0.61774400866581114     
   8.0109999999997307E-005  0.61562054624198459     
   8.0209999999997255E-005  0.61439439280890251     
   8.0309999999997203E-005  0.61344487585157104     
   8.0409999999997152E-005  0.61262447229195505     
   8.0509999999997100E-005  0.61188382220266024     
   8.0609999999997048E-005  0.61120191973036753     
   8.0709999999996996E-005  0.61056788680985064     
   8.0809999999996944E-005  0.60716140857765299     
   8.0909999999996893E-005  0.60523641508501302     
   8.1009999999996841E-005  0.60423433206423338     
   8.1109999999996789E-005  0.60353641259797175     
   8.1209999999996737E-005  0.60297820627915444     
   8.1309999999996685E-005  0.60250343900514713     
   8.1409999999996634E-005  0.60208580988623428     
   8.1509999999996582E-005  0.60171192919224414     
   8.1609999999996530E-005  0.59941521383520657     
   8.1709999999996478E-005  0.59771635138188006     
   8.1809999999996427E-005  0.59688213239118471     
   8.1909999999996375E-005  0.59636073065370421     
   8.2009999999996323E-005  0.59598801653119304     
   8.2109999999996271E-005  0.59569876355039564     
   8.2209999999996219E-005  0.59546281054052030     
   8.2309999999996168E-005  0.59526737899706672     
   8.2409999999996116E-005  0.59347625939211301     
   8.2509999999996064E-005  0.59176939630919301     
   8.2609999999996012E-005  0.59102012035317597     
   8.2709999999995961E-005  0.59062533191193600     
   8.2809999999995909E-005  0.59039095107881689     
   8.2909999999995857E-005  0.59024683607938966     
   8.3009999999995805E-005  0.59016028530329245     
   8.3109999999995753E-005  0.59011394100353942     
   8.3209999999995702E-005  0.58881933182077173     
   8.3309999999995650E-005  0.58703152659166347     
   8.3409999999995598E-005  0.58623786976702852     
   8.3509999999995546E-005  0.58585325364250562     
   8.3609999999995495E-005  0.58566257136741973     
   8.3709999999995443E-005  0.58557644844709034     
   8.3809999999995391E-005  0.58555295527409956     
   8.3909999999995339E-005  0.58557198934782262     
   8.4009999999995287E-005  0.58448051677034807     
   8.4109999999995236E-005  0.58285477265019880     
   8.4209999999995184E-005  0.58211693028488098     
   8.4309999999995132E-005  0.58177694325109364     
   8.4409999999995080E-005  0.58163650911518472     
   8.4509999999995029E-005  0.58160741049155851     
   8.4609999999994977E-005  0.58164668534695763     
   8.4709999999994925E-005  0.58173242115310575     
   8.4809999999994873E-005  0.58106183309993376     
   8.4909999999994821E-005  0.57946349864151070     
   8.5009999999994770E-005  0.57869736382235315     
   8.5109999999994718E-005  0.57834716433570188     
   8.5209999999994666E-005  0.57821307414689116     
   8.5309999999994614E-005  0.57820194579449924     
   8.5409999999994563E-005  0.57826502777401823     
   8.5509999999994511E-005  0.57837726247226218     
   8.5609999999994459E-005  0.57806538310531141     
   8.5709999999994407E-005  0.57658299998721840     
   8.5809999999994355E-005  0.57581046109929312     
   8.5909999999994304E-005  0.57541490069141787     
   8.6009999999994252E-005  0.57521944565897931     
   8.6109999999994200E-005  0.57513060359939527     
   8.6209999999994148E-005  0.57509808304240850     
   8.6309999999994097E-005  0.57509242981021647     
   8.6409999999994045E-005  0.57490881996549204     
   8.6509999999993993E-005  0.57348170020870826     
   8.6609999999993941E-005  0.57260930652375286     
   8.6709999999993889E-005  0.57203774410566344     
   8.6809999999993838E-005  0.57162828221794704     
   8.6909999999993786E-005  0.57130205525303479     
   8.7009999999993734E-005  0.57101396178099373     
   8.7109999999993682E-005  0.57073838150038225     
   8.7209999999993631E-005  0.57027613735340088     
   8.7309999999993579E-005  0.56851306521972400     
   8.7409999999993527E-005  0.56730533186867782     
   8.7509999999993475E-005  0.56642613540761100     
   8.7609999999993423E-005  0.56574051564140071     
   8.7709999999993372E-005  0.56517061059353635     
   8.7809999999993320E-005  0.56467452164320309     
   8.7909999999993268E-005  0.56422438836065125     
   8.8009999999993216E-005  0.56380365172119340     
   8.8109999999993164E-005  0.56205460169376564     
   8.8209999999993113E-005  0.56078664120118027     
   8.8309999999993061E-005  0.55982351580144030     
   8.8409999999993009E-005  0.55905375709307903     
   8.8509999999992957E-005  0.55840835594972293     
   8.8609999999992906E-005  0.55784545315898659     
   8.8709999999992854E-005  0.55733965461434398     
   8.8809999999992802E-005  0.55687528718374302     
   8.8909999999992750E-005  0.55534707975469122     
   8.9009999999992698E-005  0.55409556679186400     
   8.9109999999992647E-005  0.55312660546408654     
   8.9209999999992595E-005  0.55234373131023962     
   8.9309999999992543E-005  0.55168489464491388     
   8.9409999999992491E-005  0.55111081231908576     
   8.9509999999992440E-005  0.55059702930151966     
   8.9609999999992388E-005  0.55012840761410065     
   8.9709999999992336E-005  0.54873753630024336     
   8.9809999999992284E-005  0.54745921983827506     
   8.9909999999992232E-005  0.54645962331712550     
   9.0009999999992181E-005  0.54564993291628461     
   9.0109999999992129E-005  0.54497098684595757     
   9.0209999999992077E-005  0.54438609560779039     
   9.0309999999992025E-005  0.54387114376737855     
   9.0409999999991974E-005  0.54340749078581441     
   9.0509999999991922E-005  0.54209377204892761     
   9.0609999999991870E-005  0.54088593381525085     
   9.0709999999991818E-005  0.53993489646611370     
   9.0809999999991766E-005  0.53916607781190440     
   9.0909999999991715E-005  0.53852584361216194     
   9.1009999999991663E-005  0.53797747184792633     
   9.1109999999991611E-005  0.53749670539631511     
   9.1209999999991559E-005  0.53706626487453468     
   9.1309999999991508E-005  0.53581247274026633     
   9.1409999999991456E-005  0.53451016615937375     
   9.1509999999991404E-005  0.53348787775952566     
   9.1609999999991352E-005  0.53266462313840512     
   9.1709999999991300E-005  0.53198457553418632     
   9.1809999999991249E-005  0.53140920985147777     
   9.1909999999991197E-005  0.53091105528857263     
   9.2009999999991145E-005  0.53047128257618203     
   9.2109999999991093E-005  0.52948937722668310     
   9.2209999999991042E-005  0.52835518383287672     
   9.2309999999990990E-005  0.52744773239985976     
   9.2409999999990938E-005  0.52670838597417435     
   9.2509999999990886E-005  0.52609519637429503     
   9.2609999999990834E-005  0.52557784958340237     
   9.2709999999990783E-005  0.52513138183249197     
   9.2809999999990731E-005  0.52473977150623774     
   9.2909999999990679E-005  0.52398606645466395     
   9.3009999999990627E-005  0.52300363821921836     
   9.3109999999990576E-005  0.52220410263646677     
   9.3209999999990524E-005  0.52154528173395376     
   9.3309999999990472E-005  0.52099455382516802     
   9.3409999999990420E-005  0.52052709344608983     
   9.3509999999990368E-005  0.52012338738645447     
   9.3609999999990317E-005  0.51977096869471140     
   9.3709999999990265E-005  0.51901955534413213     
   9.3809999999990213E-005  0.51800511885209799     
   9.3909999999990161E-005  0.51717778819224747     
   9.4009999999990110E-005  0.51649979272864022     
   9.4109999999990058E-005  0.51593707611478035     
   9.4209999999990006E-005  0.51546423080907300     
   9.4309999999989954E-005  0.51506289190327559     
   9.4409999999989902E-005  0.51471775240709328     
   9.4509999999989851E-005  0.51410188329285700     
   9.4609999999989799E-005  0.51316652509030536     
   9.4709999999989747E-005  0.51240201650995332     
   9.4809999999989695E-005  0.51177432016187085     
   9.4909999999989643E-005  0.51125464321922798     
   9.5009999999989592E-005  0.51082243196709720     
   9.5109999999989540E-005  0.51046031790219182     
   9.5209999999989488E-005  0.51015519365224882     
   9.5309999999989436E-005  0.50965037551027925     
   9.5409999999989385E-005  0.50871235273720561     
   9.5509999999989333E-005  0.50794548010036988     
   9.5609999999989281E-005  0.50732117970405588     
   9.5709999999989229E-005  0.50680753006005574     
   9.5809999999989177E-005  0.50638417348981901     
   9.5909999999989126E-005  0.50603406387026939     
   9.6009999999989074E-005  0.50574272856035762     
   9.6109999999989022E-005  0.50536703731908461     
   9.6209999999988970E-005  0.50457095961500653     
   9.6309999999988919E-005  0.50390737706157229     
   9.6409999999988867E-005  0.50335450740283416     
   9.6509999999988815E-005  0.50289449132905617     
   9.6609999999988763E-005  0.50250911326174752     
   9.6709999999988711E-005  0.50218482274999376     
   9.6809999999988660E-005  0.50191088015570906     
   9.6909999999988608E-005  0.50155804275374016     
   9.7009999999988556E-005  0.50082012669099407     
   9.7109999999988504E-005  0.50018869109924224     
   9.7209999999988453E-005  0.49964486805036751     
   9.7309999999988401E-005  0.49917585197308106     
   9.7409999999988349E-005  0.49876896500252427     
   9.7509999999988297E-005  0.49841279055794124     
   9.7609999999988245E-005  0.49809716978158108     
   9.7709999999988194E-005  0.49775607152002727     
   9.7809999999988142E-005  0.49698776954845997     
   9.7909999999988090E-005  0.49631227290013963     
   9.8009999999988038E-005  0.49571364935577156     
   9.8109999999987987E-005  0.49518432296941328     
   9.8209999999987935E-005  0.49471226713921002     
   9.8309999999987883E-005  0.49429012076993212     
   9.8409999999987831E-005  0.49391045968485919     
   9.8509999999987779E-005  0.49356670513499040     
   9.8609999999987728E-005  0.49283338973679569     
   9.8709999999987676E-005  0.49217945309861827     
   9.8809999999987624E-005  0.49159397037720554     
   9.8909999999987572E-005  0.49107145186370532     
   9.9009999999987521E-005  0.49060205251078365     
   9.9109999999987469E-005  0.49017655633290425     
   9.9209999999987417E-005  0.48979158527602956     
   9.9309999999987365E-005  0.48944151700505917     
   9.9409999999987313E-005  0.48880178679632752     
   9.9509999999987262E-005  0.48818740129129984     
   9.9609999999987210E-005  0.48762912864304292     
   9.9709999999987158E-005  0.48712185165660027     
   9.9809999999987106E-005  0.48666027624756014     
   9.9909999999987055E-005  0.48623811331457056     
   1.0000999999998700E-004  0.48585063691935654     
   1.0010999999998695E-004  0.48549430495754392     
   1.0020999999998690E-004  0.48491374126173015     
   1.0030999999998685E-004  0.48435149499436764     
   1.0040999999998680E-004  0.48383335189547094     
   1.0050999999998674E-004  0.48335434389128656     
   1.0060999999998669E-004  0.48291066619240919     
   1.0070999999998664E-004  0.48249898594643359     
   1.0080999999998659E-004  0.48211504516827247     
   1.0090999999998654E-004  0.48175612845726251     
   1.0100999999998648E-004  0.48119187885044684     
   1.0110999999998643E-004  0.48061524240564496     
   1.0120999999998638E-004  0.48008068988336899     
   1.0130999999998633E-004  0.47958501574120060     
   1.0140999999998628E-004  0.47912550428452183     
   1.0150999999998623E-004  0.47869918904987258     
   1.0160999999998617E-004  0.47830083004537671     
   1.0170999999998612E-004  0.47792867963548086     
   1.0180999999998607E-004  0.47745442853409786     
   1.0190999999998602E-004  0.47695839842394411     
   1.0200999999998597E-004  0.47649395876708422     
   1.0210999999998592E-004  0.47605935214912826     
   1.0220999999998586E-004  0.47565188073176318     
   1.0230999999998581E-004  0.47527048637732605     
   1.0240999999998576E-004  0.47491204369682460     
   1.0250999999998571E-004  0.47457472900983699     
   1.0260999999998566E-004  0.47417856509235351     
   1.0270999999998560E-004  0.47375157283366004     
   1.0280999999998555E-004  0.47334532492910703     
   1.0290999999998550E-004  0.47295821604001725     
   1.0300999999998545E-004  0.47259074481970459     
   1.0310999999998540E-004  0.47224161005061044     
   1.0320999999998535E-004  0.47190980347894917     
   1.0330999999998529E-004  0.47159310285834827     
   1.0340999999998524E-004  0.47122634255731510     
   1.0350999999998519E-004  0.47083475780077089     
   1.0360999999998514E-004  0.47046087128770669     
   1.0370999999998509E-004  0.47010398508702916     
   1.0380999999998504E-004  0.46976184917970798     
   1.0390999999998498E-004  0.46943505771020450     
   1.0400999999998493E-004  0.46912199942550525     
   1.0410999999998488E-004  0.46882325056336166     
   1.0420999999998483E-004  0.46851249485212004     
   1.0430999999998478E-004  0.46818883943609524     
   1.0440999999998472E-004  0.46787582293875790     
   1.0450999999998467E-004  0.46757373897684823     
   1.0460999999998462E-004  0.46728180719291729     
   1.0470999999998457E-004  0.46700128556830722     
   1.0480999999998452E-004  0.46673160154834981     
   1.0490999999998447E-004  0.46647277153116662     
   1.0500999999998441E-004  0.46620110031489886     
   1.0510999999998436E-004  0.46590620444618436     
   1.0520999999998431E-004  0.46562090365908643     
   1.0530999999998426E-004  0.46534567585095177     
   1.0540999999998421E-004  0.46508014025852090     
   1.0550999999998415E-004  0.46482433329788403     
   1.0560999999998410E-004  0.46457651133071187     
   1.0570999999998405E-004  0.46433641687437327     
   1.0580999999998400E-004  0.46410121632050028     
   1.0590999999998395E-004  0.46386476944712068     
   1.0600999999998390E-004  0.46363429661968847     
   1.0610999999998384E-004  0.46340903116035487     
   1.0620999999998379E-004  0.46318908865172986     
   1.0630999999998374E-004  0.46297393430270289     
   1.0640999999998369E-004  0.46276058252978752     
   1.0650999999998364E-004  0.46254770271139645     
   1.0660999999998359E-004  0.46234037280421164     
   1.0670999999998353E-004  0.46214038152378883     
   1.0680999999998348E-004  0.46194276706387999     
   1.0690999999998343E-004  0.46174748588588216     
   1.0700999999998338E-004  0.46155304620262838     
   1.0710999999998333E-004  0.46135996504436039     
   1.0720999999998327E-004  0.46116847255396126     
   1.0730999999998322E-004  0.46097809141069540     
   1.0740999999998317E-004  0.46079077616456277     
   1.0750999999998312E-004  0.46061338584297334     
   1.0760999999998307E-004  0.46043515795359657     
   1.0770999999998302E-004  0.46025505762869839     
   1.0780999999998296E-004  0.46007347418548128     
   1.0790999999998291E-004  0.45989042910012390     
   1.0800999999998286E-004  0.45970654214462320     
   1.0810999999998281E-004  0.45952154928489397     
   1.0820999999998276E-004  0.45933823625829218     
   1.0830999999998271E-004  0.45918826576874383     
   1.0840999999998265E-004  0.45903428139160452     
   1.0850999999998260E-004  0.45887599023418646     
   1.0860999999998255E-004  0.45871364489951599     
   1.0870999999998250E-004  0.45854616195773662     
   1.0880999999998245E-004  0.45837280537874830     
   1.0890999999998239E-004  0.45819489316237533     
   1.0900999999998234E-004  0.45801280998278004     
   1.0910999999998229E-004  0.45786479208930075     
   1.0920999999998224E-004  0.45771073331802392     
   1.0930999999998219E-004  0.45755192925837801     
   1.0940999999998214E-004  0.45738857404833766     
   1.0950999999998208E-004  0.45722130978142089     
   1.0960999999998203E-004  0.45705058192444031     
   1.0970999999998198E-004  0.45687597128258645     
   1.0980999999998193E-004  0.45669750604689563     
   1.0990999999998188E-004  0.45651494274954657     
   1.1000999999998182E-004  0.45632918167605996     
   1.1010999999998177E-004  0.45614087561753619     
   1.1020999999998172E-004  0.45594973393813032     
   1.1030999999998167E-004  0.45575609803779554     
   1.1040999999998162E-004  0.45556098048229471     
   1.1050999999998157E-004  0.45536456741603293     
   1.1060999999998151E-004  0.45516653114720973     
   1.1070999999998146E-004  0.45496456904699994     
   1.1080999999998141E-004  0.45475857602335618     
   1.1090999999998136E-004  0.45455054674481887     
   1.1100999999998131E-004  0.45434058903549973     
   1.1110999999998126E-004  0.45412927372041295     
   1.1120999999998120E-004  0.45391566778875359     
   1.1130999999998115E-004  0.45369846389948965     
   1.1140999999998110E-004  0.45347965594142742     
   1.1150999999998105E-004  0.45325866447052349     
   1.1160999999998100E-004  0.45303508522513658     
   1.1170999999998094E-004  0.45280655019346666     
   1.1180999999998089E-004  0.45257303177321867     
   1.1190999999998084E-004  0.45233724884507653     
   1.1200999999998079E-004  0.45209927509064202     
   1.1210999999998074E-004  0.45185938276059517     
   1.1220999999998069E-004  0.45161820445086082     
   1.1230999999998063E-004  0.45137656202049470     
   1.1240999999998058E-004  0.45113469413422058     
   1.1250999999998053E-004  0.45089158798823892     
   1.1260999999998048E-004  0.45064697556369637     
   1.1270999999998043E-004  0.45040051279126547     
   1.1280999999998037E-004  0.45015166840534460     
   1.1290999999998032E-004  0.44989917405840529     
   1.1300999999998027E-004  0.44964258616867964     
   1.1310999999998022E-004  0.44938253145864010     
   1.1320999999998017E-004  0.44911901190715037     
   1.1330999999998012E-004  0.44885174619545537     
   1.1340999999998006E-004  0.44857977274100730     
   1.1350999999998001E-004  0.44830340172463212     
   1.1360999999997996E-004  0.44802249214294637     
   1.1370999999997991E-004  0.44773687549587393     
   1.1380999999997986E-004  0.44744560461115779     
   1.1390999999997981E-004  0.44714751056623459     
   1.1400999999997975E-004  0.44684335914731749     
   1.1410999999997970E-004  0.44653373839778715     
   1.1420999999997965E-004  0.44621786118055795     
   1.1430999999997960E-004  0.44589630291025117     
   1.1440999999997955E-004  0.44556994369219521     
   1.1450999999997949E-004  0.44523841142831500     
   1.1460999999997944E-004  0.44490081989181740     
   1.1470999999997939E-004  0.44455590538223361     
   1.1480999999997934E-004  0.44420401768043022     
   1.1490999999997929E-004  0.44384522869152926     
   1.1500999999997924E-004  0.44347818666169586     
   1.1510999999997918E-004  0.44310392873253129     
   1.1520999999997913E-004  0.44272313994070067     
   1.1530999999997908E-004  0.44233526523500832     
   1.1540999999997903E-004  0.44194198230120041     
   1.1550999999997898E-004  0.44154400615358663     
   1.1560999999997893E-004  0.44114075965228217     
   1.1570999999997887E-004  0.44073138665007477     
   1.1580999999997882E-004  0.44031791194261471     
   1.1590999999997877E-004  0.43990158955723208     
   1.1600999999997872E-004  0.43948296716641294     
   1.1610999999997867E-004  0.43906043309907028     
   1.1620999999997861E-004  0.43863345429358691     
   1.1630999999997856E-004  0.43820303410183559     
   1.1640999999997851E-004  0.43776872753469093     
   1.1650999999997846E-004  0.43733039373908916     
   1.1660999999997841E-004  0.43688953475025011     
   1.1670999999997836E-004  0.43644633610332850     
   1.1680999999997830E-004  0.43600076684599604     
   1.1690999999997825E-004  0.43555283980987652     
   1.1700999999997820E-004  0.43510348233569568     
   1.1710999999997815E-004  0.43465420679573730     
   1.1720999999997810E-004  0.43420467368695442     
   1.1730999999997804E-004  0.43375598688126138     
   1.1740999999997799E-004  0.43330877197827561     
   1.1750999999997794E-004  0.43286229341544480     
   1.1760999999997789E-004  0.43241700428345020     
   1.1770999999997784E-004  0.43197387758097416     
   1.1780999999997779E-004  0.43153321433315239     
   1.1790999999997773E-004  0.43109445206700953     
   1.1800999999997768E-004  0.43065848748838070     
   1.1810999999997763E-004  0.43022688217996596     
   1.1820999999997758E-004  0.42979896332090611     
   1.1830999999997753E-004  0.42937670290810037     
   1.1840999999997748E-004  0.42895970750817908     
   1.1850999999997742E-004  0.42854904007581351     
   1.1860999999997737E-004  0.42814581675932745     
   1.1870999999997732E-004  0.42774900348535799     
   1.1880999999997727E-004  0.42735839968358685     
   1.1890999999997722E-004  0.42697334245343971     
   1.1900999999997716E-004  0.42659542513463539     
   1.1910999999997711E-004  0.42622545080706609     
   1.1920999999997706E-004  0.42586062984832779     
   1.1930999999997701E-004  0.42550378289372282     
   1.1940999999997696E-004  0.42515511419421420     
   1.1950999999997691E-004  0.42481335065989179     
   1.1960999999997685E-004  0.42447806780404579     
   1.1970999999997680E-004  0.42414818201763654     
   1.1980999999997675E-004  0.42382432315029744     
   1.1990999999997670E-004  0.42350646747886039     
   1.1999999999997665E-004  0.42322637276147657     
