# RMS shrinking factor for the case B02Ra8CT1
   1.0999999999999998E-007  0.99999999296555053     
   2.1000000000000008E-007  0.99999974280769122     
   3.1000000000000016E-007  0.99999965126382773     
   4.1000000000000026E-007  0.99999942807001119     
   5.1000000000000031E-007  0.99999907261105847     
   6.1000000000000041E-007  0.99999902829556697     
   7.1000000000000051E-007  0.99999827968937127     
   8.1000000000000061E-007  0.99999823301892454     
   9.1000000000000071E-007  0.99999751719437913     
   1.0100000000000003E-006  0.99999697834249857     
   1.1099999999999993E-006  0.99999674620494539     
   1.2099999999999984E-006  0.99999518512609720     
   1.3099999999999974E-006  0.99999528001489124     
   1.4099999999999965E-006  0.99999367409342366     
   1.5099999999999955E-006  0.99999288058166236     
   1.6099999999999945E-006  0.99999191370613871     
   1.7099999999999936E-006  0.99998968853895820     
   1.8099999999999926E-006  0.99998988524361521     
   1.9099999999999919E-006  0.99998635735225705     
   2.0099999999999909E-006  0.99998581760813321     
   2.1099999999999900E-006  0.99998330312504025     
   2.2099999999999890E-006  0.99998014426724524     
   2.3099999999999880E-006  0.99997994357477504     
   2.4099999999999871E-006  0.99997427172913456     
   2.5099999999999861E-006  0.99997408941852473     
   2.6099999999999852E-006  0.99996945397887771     
   2.7099999999999842E-006  0.99996614930385130     
   2.8099999999999833E-006  0.99996412379463684     
   2.9099999999999823E-006  0.99995643215262919     
   3.0099999999999813E-006  0.99995718108654985     
   3.1099999999999804E-006  0.99994816429412037     
   3.2099999999999794E-006  0.99994563158206073     
   3.3099999999999785E-006  0.99994146346648016     
   3.4099999999999775E-006  0.99993175364451914     
   3.5099999999999766E-006  0.99993289960655296     
   3.6099999999999756E-006  0.99991865395738500     
   3.7099999999999746E-006  0.99991676890842263     
   3.8099999999999737E-006  0.99990753722416348     
   3.9099999999999727E-006  0.99989798426691057     
   4.0099999999999718E-006  0.99989558519441291     
   4.1099999999999708E-006  0.99987618813969581     
   4.2099999999999699E-006  0.99987807459420275     
   4.3099999999999689E-006  0.99986102944910904     
   4.4099999999999679E-006  0.99985079380966724     
   4.5099999999999670E-006  0.99984501201809650     
   4.6099999999999660E-006  0.99982233170764789     
   4.7099999999999651E-006  0.99982486890874434     
   4.8099999999999641E-006  0.99979963739340882     
   4.9099999999999632E-006  0.99979285400955120     
   5.0099999999999622E-006  0.99977861100963816     
   5.1099999999999612E-006  0.99975684050501168     
   5.2099999999999603E-006  0.99975635076672575     
   5.3099999999999593E-006  0.99972050703693416     
   5.4099999999999584E-006  0.99972005249231866     
   5.5099999999999574E-006  0.99969799425751937     
   5.6099999999999565E-006  0.99967532248388480     
   5.7099999999999555E-006  0.99966998619649849     
   5.8099999999999545E-006  0.99962586221482896     
   5.9099999999999536E-006  0.99963015602152083     
   6.0099999999999526E-006  0.99959292064526439     
   6.1099999999999517E-006  0.99957609022401106     
   6.2099999999999507E-006  0.99955835308754093     
   6.3099999999999498E-006  0.99951706799910234     
   6.4099999999999488E-006  0.99952198365206646     
   6.5099999999999478E-006  0.99946548787114176     
   6.6099999999999469E-006  0.99945166503491667     
   6.7099999999999459E-006  0.99942419272573557     
   6.8099999999999450E-006  0.99938256358304844     
   6.9099999999999440E-006  0.99938107012520971     
   7.0099999999999430E-006  0.99931604674738161     
   7.1099999999999421E-006  0.99931417739748329     
   7.2099999999999411E-006  0.99926829771555792     
   7.3099999999999402E-006  0.99923617073929505     
   7.4099999999999392E-006  0.99921884768812441     
   7.5099999999999383E-006  0.99915475727838643     
   7.6099999999999373E-006  0.99915974649639938     
   7.7099999999999363E-006  0.99910220252256765     
   7.8099999999999354E-006  0.99907503545107634     
   7.9099999999999344E-006  0.99904825966428001     
   8.0099999999999335E-006  0.99898869437981686     
   8.1099999999999325E-006  0.99899271374222076     
   8.2099999999999316E-006  0.99891800713695866     
   8.3099999999999306E-006  0.99890538425022557     
   8.4099999999999296E-006  0.99886313552786909     
   8.5099999999999287E-006  0.99881966417441148     
   8.6099999999999277E-006  0.99880777825721878     
   8.7099999999999268E-006  0.99873732060963560     
   8.8099999999999258E-006  0.99873146225221832     
   8.9099999999999249E-006  0.99868672407516490     
   9.0099999999999239E-006  0.99865408396351263     
   9.1099999999999229E-006  0.99863729035804560     
   9.2099999999999220E-006  0.99858495492273081     
   9.3099999999999210E-006  0.99858448836456459     
   9.4099999999999201E-006  0.99854060134454514     
   9.5099999999999191E-006  0.99852489491371399     
   9.6099999999999182E-006  0.99850501365380684     
   9.7099999999999172E-006  0.99847708369317068     
   9.8099999999999162E-006  0.99847543344510514     
   9.9099999999999153E-006  0.99844674508483033     
   1.0009999999999914E-005  0.99843951958436872     
   1.0109999999999913E-005  0.99842728497957201     
   1.0209999999999912E-005  0.99841495188573104     
   1.0309999999999911E-005  0.99841137494398702     
   1.0409999999999910E-005  0.99839961695795698     
   1.0509999999999910E-005  0.99839842012420887     
   1.0609999999999909E-005  0.99839317882646761     
   1.0709999999999908E-005  0.99839016231340116     
   1.0809999999999907E-005  0.99838872080717678     
   1.0909999999999906E-005  0.99838600898513152     
   1.1009999999999905E-005  0.99838553850787315     
   1.1109999999999904E-005  0.99838506647089553     
   1.1209999999999903E-005  0.99838459381953581     
   1.1309999999999902E-005  0.99838412089933104     
   1.1409999999999901E-005  0.99838364797507662     
   1.1509999999999900E-005  0.99838317531932519     
   1.1609999999999899E-005  0.99838270307558763     
   1.1709999999999898E-005  0.99838223134921189     
   1.1809999999999897E-005  0.99838176038792037     
   1.1909999999999896E-005  0.99838129035349776     
   1.0000000000000000E-008  0.99837485366121248     
   1.2099999999999894E-005  0.99830702630256929     
   1.2199999999999893E-005  0.99830635862078188     
   1.2299999999999892E-005  0.99830569233181621     
   1.2399999999999891E-005  0.99830502768848906     
   1.2499999999999890E-005  0.99830436459463034     
   1.2599999999999890E-005  0.99830370300818161     
   1.2699999999999889E-005  0.99830304336700337     
   1.2799999999999888E-005  0.99830238585431219     
   1.2899999999999887E-005  0.99830173037613401     
   1.2999999999999886E-005  0.99830107643590049     
   1.3099999999999885E-005  0.99830042466326940     
   1.3199999999999884E-005  0.99829977517013246     
   1.3299999999999883E-005  0.99829912774163454     
   1.3399999999999882E-005  0.99829848206285499     
   1.3499999999999881E-005  0.99829783851318366     
   1.3599999999999880E-005  0.99829719661223348     
   1.3699999999999879E-005  0.99829655651929095     
   1.3799999999999878E-005  0.99829591756866221     
   1.3899999999999877E-005  0.99829528002291112     
   1.3999999999999876E-005  0.99829464387424793     
   1.4099999999999875E-005  0.99829400920849842     
   1.4199999999999874E-005  0.99829337616571845     
   1.4299999999999873E-005  0.99829274449520544     
   1.4399999999999872E-005  0.99829211415449237     
   1.4499999999999871E-005  0.99829148494400166     
   1.4599999999999870E-005  0.99829085686074315     
   1.4699999999999869E-005  0.99829022956153657     
   1.4799999999999868E-005  0.99828960243459253     
   1.4899999999999868E-005  0.99828897573391207     
   1.4999999999999867E-005  0.99828834932917565     
   1.5099999999999866E-005  0.99828772289270229     
   1.5199999999999865E-005  0.99828709649306846     
   1.5299999999999870E-005  0.99828646989578773     
   1.5399999999999886E-005  0.99828584280179355     
   1.5499999999999902E-005  0.99828521521584068     
   1.5599999999999918E-005  0.99828458671955733     
   1.5699999999999934E-005  0.99828395744210519     
   1.5799999999999950E-005  0.99828332708386702     
   1.5899999999999966E-005  0.99828269570158423     
   1.5999999999999982E-005  0.99828206322990787     
   1.6099999999999998E-005  0.99828142836725808     
   1.6200000000000014E-005  0.99828079142322934     
   1.6300000000000030E-005  0.99828015266988646     
   1.6400000000000046E-005  0.99827951158285988     
   1.6500000000000062E-005  0.99827886807109789     
   1.6600000000000078E-005  0.99827822198762040     
   1.6700000000000094E-005  0.99827757190054034     
   1.6800000000000110E-005  0.99827691836050614     
   1.6900000000000126E-005  0.99827626144564896     
   1.7000000000000142E-005  0.99827560028753959     
   1.7100000000000158E-005  0.99827493515738996     
   1.7200000000000174E-005  0.99827426557348209     
   1.7300000000000190E-005  0.99827359188359610     
   1.7400000000000206E-005  0.99827291387226746     
   1.7500000000000222E-005  0.99827223077575966     
   1.7600000000000238E-005  0.99827154228721593     
   1.7700000000000254E-005  0.99827084730081539     
   1.7800000000000270E-005  0.99827014558421867     
   1.7900000000000286E-005  0.99826943793357825     
   1.8000000000000302E-005  0.99826872402740308     
   1.8100000000000318E-005  0.99826800385223069     
   1.8200000000000334E-005  0.99826727689496508     
   1.8300000000000350E-005  0.99826654318162100     
   1.8400000000000366E-005  0.99826580176689839     
   1.8500000000000382E-005  0.99826505316482472     
   1.8600000000000398E-005  0.99826429707493514     
   1.8700000000000414E-005  0.99826353316488337     
   1.8800000000000430E-005  0.99826276096140931     
   1.8900000000000446E-005  0.99826198078861716     
   1.9000000000000462E-005  0.99826119247342626     
   1.9100000000000478E-005  0.99826039586915982     
   1.9200000000000494E-005  0.99825958993461084     
   1.9300000000000510E-005  0.99825877505255090     
   1.9400000000000526E-005  0.99825795036934550     
   1.9500000000000542E-005  0.99825711441034670     
   1.9600000000000558E-005  0.99825626713103000     
   1.9700000000000574E-005  0.99825540986429206     
   1.9800000000000590E-005  0.99825454157647941     
   1.9900000000000606E-005  0.99825366128554427     
   2.0000000000000622E-005  0.99825276823015463     
   2.0100000000000638E-005  0.99825186161275559     
   2.0200000000000654E-005  0.99825094255318958     
   2.0300000000000670E-005  0.99825001097459121     
   2.0400000000000686E-005  0.99824906681633185     
   2.0500000000000702E-005  0.99824811011432557     
   2.0600000000000718E-005  0.99824714047212926     
   2.0700000000000734E-005  0.99824615738353661     
   2.0800000000000750E-005  0.99824516029770671     
   2.0900000000000766E-005  0.99824414851902021     
   2.1000000000000781E-005  0.99824312193900178     
   2.1100000000000797E-005  0.99824207979262913     
   2.1200000000000813E-005  0.99824102090640798     
   2.1300000000000829E-005  0.99823994617952694     
   2.1400000000000845E-005  0.99823885518423050     
   2.1500000000000861E-005  0.99823774673696863     
   2.1600000000000877E-005  0.99823661990234236     
   2.1700000000000893E-005  0.99823547367472742     
   2.1800000000000909E-005  0.99823430788068768     
   2.1900000000000925E-005  0.99823312284656440     
   2.2000000000000941E-005  0.99823191583793480     
   2.2100000000000957E-005  0.99823068854330443     
   2.2200000000000973E-005  0.99822943962707678     
   2.2300000000000989E-005  0.99822816770986211     
   2.2400000000001005E-005  0.99822687211340544     
   2.2500000000001021E-005  0.99822555219676790     
   2.2600000000001037E-005  0.99822421029220754     
   2.2700000000001053E-005  0.99822284382257587     
   2.2800000000001069E-005  0.99822145211696645     
   2.2900000000001085E-005  0.99822003479613586     
   2.3000000000001101E-005  0.99821859275875746     
   2.3100000000001117E-005  0.99821712589874334     
   2.3200000000001133E-005  0.99821563185712270     
   2.3300000000001149E-005  0.99821410812064204     
   2.3400000000001165E-005  0.99821255520283936     
   2.3500000000001181E-005  0.99821097189211072     
   2.3600000000001197E-005  0.99820935840970892     
   2.3700000000001213E-005  0.99820771595453861     
   2.3800000000001229E-005  0.99820604257661194     
   2.3900000000001245E-005  0.99820433808047315     
   2.4000000000001261E-005  0.99820260044693687     
   2.4100000000001277E-005  0.99820082741320348     
   2.4200000000001293E-005  0.99819901978712866     
   2.4300000000001309E-005  0.99819717518903872     
   2.4400000000001325E-005  0.99819529260481277     
   2.4500000000001341E-005  0.99819337165826882     
   2.4600000000001357E-005  0.99819141129625055     
   2.4700000000001373E-005  0.99818940944074941     
   2.4800000000001389E-005  0.99818736413857068     
   2.4900000000001405E-005  0.99818527716499195     
   2.5000000000001421E-005  0.99818314914580142     
   2.5100000000001437E-005  0.99818097508150438     
   2.5200000000001453E-005  0.99817875559985381     
   2.5300000000001469E-005  0.99817648854117713     
   2.5400000000001485E-005  0.99817417121474039     
   2.5500000000001501E-005  0.99817180109074255     
   2.5600000000001517E-005  0.99816937654086935     
   2.5700000000001533E-005  0.99816690068780312     
   2.5800000000001549E-005  0.99816436853849277     
   2.5900000000001565E-005  0.99816177931575800     
   2.6000000000001581E-005  0.99815913160129921     
   2.6100000000001597E-005  0.99815642395023529     
   2.6200000000001613E-005  0.99815365221579289     
   2.6300000000001629E-005  0.99815081464063049     
   2.6400000000001645E-005  0.99814791296458738     
   2.6500000000001661E-005  0.99814494313978908     
   2.6600000000001677E-005  0.99814190199077246     
   2.6700000000001693E-005  0.99813878866701644     
   2.6800000000001709E-005  0.99813560415931035     
   2.6900000000001725E-005  0.99813234330165379     
   2.7000000000001740E-005  0.99812900690513406     
   2.7100000000001756E-005  0.99812559108995658     
   2.7200000000001772E-005  0.99812209502842564     
   2.7300000000001788E-005  0.99811851170973775     
   2.7400000000001804E-005  0.99811483916095789     
   2.7500000000001820E-005  0.99811107657819986     
   2.7600000000001836E-005  0.99810722183644662     
   2.7700000000001852E-005  0.99810327497479667     
   2.7800000000001868E-005  0.99809923044368409     
   2.7900000000001884E-005  0.99809509171324240     
   2.8000000000001900E-005  0.99809085538966191     
   2.8100000000001916E-005  0.99808651546967686     
   2.8200000000001932E-005  0.99808206887560791     
   2.8300000000001948E-005  0.99807751306582271     
   2.8400000000001964E-005  0.99807284454415957     
   2.8500000000001980E-005  0.99806805651689445     
   2.8600000000001996E-005  0.99806314764787085     
   2.8700000000002012E-005  0.99805811200437455     
   2.8800000000002028E-005  0.99805294686598534     
   2.8900000000002044E-005  0.99804764691387682     
   2.9000000000002060E-005  0.99804220805548927     
   2.9100000000002076E-005  0.99803662405826810     
   2.9200000000002092E-005  0.99803089478379714     
   2.9300000000002108E-005  0.99802501479645989     
   2.9400000000002124E-005  0.99801897923230753     
   2.9500000000002140E-005  0.99801278267405213     
   2.9600000000002156E-005  0.99800641694434311     
   2.9700000000002172E-005  0.99799988340216939     
   2.9800000000002188E-005  0.99799317532335485     
   2.9900000000002204E-005  0.99798627769066783     
   3.0000000000002220E-005  0.99797918789962847     
   3.0100000000002236E-005  0.99797189972385714     
   3.0200000000002252E-005  0.99796441329480290     
   3.0300000000002268E-005  0.99795672070465746     
   3.0400000000002284E-005  0.99794881183250161     
   3.0500000000002300E-005  0.99794068905099864     
   3.0600000000002316E-005  0.99793234011089849     
   3.0700000000002332E-005  0.99792376578995712     
   3.0800000000002348E-005  0.99791495738156466     
   3.0900000000002364E-005  0.99790590916531685     
   3.1000000000002380E-005  0.99789661788928274     
   3.1100000000002396E-005  0.99788707146604749     
   3.1200000000002412E-005  0.99787726282034594     
   3.1300000000002428E-005  0.99786718055084223     
   3.1400000000002444E-005  0.99785682938360853     
   3.1500000000002460E-005  0.99784619727610324     
   3.1600000000002476E-005  0.99783527506594438     
   3.1700000000002492E-005  0.99782405854116507     
   3.1800000000002508E-005  0.99781253945071435     
   3.1900000000002524E-005  0.99780071294376693     
   3.2000000000002540E-005  0.99778856273164840     
   3.2100000000002556E-005  0.99777607235703081     
   3.2200000000002572E-005  0.99776325267025989     
   3.2300000000002588E-005  0.99775009882824284     
   3.2400000000002604E-005  0.99773660449920376     
   3.2500000000002620E-005  0.99772275429128821     
   3.2600000000002636E-005  0.99770854646065343     
   3.2700000000002652E-005  0.99769397452854480     
   3.2800000000002668E-005  0.99767902567501676     
   3.2900000000002683E-005  0.99766369322106774     
   3.3000000000002699E-005  0.99764796575805126     
   3.3100000000002715E-005  0.99763184300744179     
   3.3200000000002731E-005  0.99761531850697871     
   3.3300000000002747E-005  0.99759838261695510     
   3.3400000000002763E-005  0.99758103204661197     
   3.3500000000002779E-005  0.99756324699482324     
   3.3600000000002795E-005  0.99754502247957577     
   3.3700000000002811E-005  0.99752635300744508     
   3.3800000000002827E-005  0.99750722602479192     
   3.3900000000002843E-005  0.99748764255676392     
   3.4000000000002859E-005  0.99746760159005765     
   3.4100000000002875E-005  0.99744708409753335     
   3.4200000000002891E-005  0.99742608030844837     
   3.4300000000002907E-005  0.99740458171663982     
   3.4400000000002923E-005  0.99738258915164579     
   3.4500000000002939E-005  0.99736008782792995     
   3.4600000000002955E-005  0.99733708282320332     
   3.4700000000002971E-005  0.99731356488303846     
   3.4800000000002987E-005  0.99728950915041992     
   3.4900000000003003E-005  0.99726487806430364     
   3.5000000000003019E-005  0.99723964653651642     
   3.5100000000003035E-005  0.99721380488967015     
   3.5200000000003051E-005  0.99718737745597619     
   3.5300000000003067E-005  0.99716035650231738     
   3.5400000000003083E-005  0.99713273569629612     
   3.5500000000003099E-005  0.99710450315975041     
   3.5600000000003115E-005  0.99707562787787762     
   3.5700000000003131E-005  0.99704610016741813     
   3.5800000000003147E-005  0.99701594121401294     
   3.5900000000003163E-005  0.99698511533567524     
   3.6000000000003179E-005  0.99695361556212803     
   3.6100000000003195E-005  0.99692143958355095     
   3.6200000000003211E-005  0.99688857776820672     
   3.6300000000003227E-005  0.99685500938782290     
   3.6400000000003243E-005  0.99682071860832899     
   3.6500000000003259E-005  0.99678569972963860     
   3.6600000000003275E-005  0.99674993336685613     
   3.6700000000003291E-005  0.99671340851271173     
   3.6800000000003307E-005  0.99667612766694902     
   3.6900000000003323E-005  0.99663807184109776     
   3.7000000000003339E-005  0.99659921134939222     
   3.7100000000003355E-005  0.99655954787547896     
   3.7200000000003371E-005  0.99651908694157154     
   3.7300000000003387E-005  0.99647781045347539     
   3.7400000000003403E-005  0.99643570131042514     
   3.7500000000003419E-005  0.99639271797019702     
   3.7600000000003435E-005  0.99634884166459925     
   3.7700000000003451E-005  0.99630407571508139     
   3.7800000000003467E-005  0.99625841325947484     
   3.7900000000003483E-005  0.99621181409440163     
   3.8000000000003499E-005  0.99616426723487905     
   3.8100000000003515E-005  0.99611575467041436     
   3.8200000000003531E-005  0.99606625458609654     
   3.8300000000003547E-005  0.99601574568107432     
   3.8400000000003563E-005  0.99596419508084777     
   3.8500000000003579E-005  0.99591159714918387     
   3.8600000000003595E-005  0.99585789046817541     
   3.8700000000003611E-005  0.99580305934918889     
   3.8800000000003627E-005  0.99574710676576728     
   3.8900000000003642E-005  0.99569003470595374     
   3.9000000000003658E-005  0.99563178943569486     
   3.9100000000003674E-005  0.99557233698473602     
   3.9200000000003690E-005  0.99551166298578841     
   3.9300000000003706E-005  0.99544974305283429     
   3.9400000000003722E-005  0.99538656477185261     
   3.9500000000003738E-005  0.99532205618763492     
   3.9600000000003754E-005  0.99525617071757055     
   3.9700000000003770E-005  0.99518890398967075     
   3.9800000000003786E-005  0.99512022292546209     
   3.9900000000003802E-005  0.99505010838899877     
   4.0000000000003818E-005  0.99497849022239382     
   4.0100000000003834E-005  0.99490536483668179     
   4.0200000000003850E-005  0.99483065880109467     
   4.0300000000003866E-005  0.99475436289955466     
   4.0400000000003882E-005  0.99467638369701072     
   4.0500000000003898E-005  0.99459667669364482     
   4.0600000000003914E-005  0.99451520211260336     
   4.0700000000003930E-005  0.99443186868698807     
   4.0800000000003946E-005  0.99434664883404722     
   4.0900000000003962E-005  0.99425948470837078     
   4.1000000000003978E-005  0.99417030073530732     
   4.1100000000003994E-005  0.99407903072883019     
   4.1200000000004010E-005  0.99398561436506971     
   4.1300000000004026E-005  0.99388999242354625     
   4.1400000000004042E-005  0.99379205001751647     
   4.1500000000004058E-005  0.99369169552579517     
   4.1600000000004074E-005  0.99358886527735102     
   4.1700000000004090E-005  0.99348340842703164     
   4.1800000000004106E-005  0.99337519449899048     
   4.1900000000004122E-005  0.99326410993377667     
   4.2000000000004138E-005  0.99315003159567761     
   4.2100000000004154E-005  0.99303287740862467     
   4.2200000000004170E-005  0.99291255126122446     
   4.2300000000004186E-005  0.99278893219039777     
   4.2400000000004202E-005  0.99266192595718306     
   4.2500000000004218E-005  0.99253142928668836     
   4.2600000000004234E-005  0.99239729174178137     
   4.2700000000004250E-005  0.99225928877000169     
   4.2800000000004266E-005  0.99211732161439603     
   4.2900000000004282E-005  0.99197125648208118     
   4.3000000000004298E-005  0.99182104254090842     
   4.3100000000004314E-005  0.99166647852047840     
   4.3200000000004330E-005  0.99150745346248248     
   4.3300000000004346E-005  0.99134386044029654     
   4.3400000000004362E-005  0.99117550690720679     
   4.3500000000004378E-005  0.99100232526175691     
   4.3600000000004394E-005  0.99082418683636808     
   4.3700000000004410E-005  0.99064097257223349     
   4.3800000000004426E-005  0.99045255191527071     
   4.3900000000004442E-005  0.99025880019507828     
   4.4000000000004458E-005  0.99005966440523330     
   4.4100000000004474E-005  0.98985506284633151     
   4.4200000000004490E-005  0.98964490608509925     
   4.4300000000004506E-005  0.98942911404941880     
   4.4400000000004522E-005  0.98920765055569682     
   4.4500000000004538E-005  0.98898041489584398     
   4.4600000000004554E-005  0.98874753756268052     
   4.4700000000004570E-005  0.98850890418469317     
   4.4800000000004586E-005  0.98826445304715804     
   4.4900000000004601E-005  0.98801413629009793     
   4.5000000000004617E-005  0.98775787586123864     
   4.5100000000004633E-005  0.98749559286621069     
   4.5200000000004649E-005  0.98722712655926770     
   4.5300000000004665E-005  0.98695245859115910     
   4.5400000000004681E-005  0.98667158064581606     
   4.5500000000004697E-005  0.98638447367346704     
   4.5600000000004713E-005  0.98609100730051202     
   4.5700000000004729E-005  0.98579104016598851     
   4.5800000000004745E-005  0.98548449692111872     
   4.5900000000004761E-005  0.98517124731901340     
   4.6000000000004777E-005  0.98485121167486545     
   4.6100000000004793E-005  0.98452418863312363     
   4.6200000000004809E-005  0.98419007324437102     
   4.6300000000004825E-005  0.98384857427366457     
   4.6400000000004841E-005  0.98349945713238474     
   4.6500000000004857E-005  0.98314256392509747     
   4.6600000000004873E-005  0.98277769406168980     
   4.6700000000004889E-005  0.98240469198721259     
   4.6800000000004905E-005  0.98202333542241416     
   4.6900000000004921E-005  0.98163357913848948     
   4.7000000000004937E-005  0.98123537225043556     
   4.7100000000004953E-005  0.98082852757928696     
   4.7200000000004969E-005  0.98041297631258939     
   4.7300000000004985E-005  0.97998858253943255     
   4.7400000000005001E-005  0.97955533537421069     
   4.7500000000005017E-005  0.97911325842308827     
   4.7600000000005033E-005  0.97866232484721871     
   4.7700000000005049E-005  0.97820233725218575     
   4.7800000000005065E-005  0.97773330309644080     
   4.7900000000005081E-005  0.97725505206137631     
   4.8000000000005097E-005  0.97676758784468043     
   4.8100000000005113E-005  0.97627053973306199     
   4.8200000000005129E-005  0.97576354489422068     
   4.8300000000005145E-005  0.97524642443206822     
   4.8400000000005161E-005  0.97471871365015061     
   4.8500000000005177E-005  0.97417982824657734     
   4.8600000000005193E-005  0.97362923792728273     
   4.8700000000005209E-005  0.97306649127485256     
   4.8800000000005225E-005  0.97249133167082302     
   4.8900000000005241E-005  0.97190322526869000     
   4.9000000000005257E-005  0.97130203014637262     
   4.9100000000005273E-005  0.97068750087929245     
   4.9200000000005289E-005  0.97005948107270557     
   4.9300000000005305E-005  0.96941790416615570     
   4.9400000000005321E-005  0.96876281926106056     
   4.9500000000005337E-005  0.96809412829922292     
   4.9600000000005353E-005  0.96741178671895023     
   4.9700000000005369E-005  0.96671573603049876     
   4.9800000000005385E-005  0.96600586745564709     
   4.9900000000005401E-005  0.96528192448901640     
   5.0000000000005417E-005  0.96454377437193184     
   5.0100000000005433E-005  0.96379091137332829     
   5.0200000000005449E-005  0.96302290966735771     
   5.0300000000005465E-005  0.96223945869599026     
   5.0400000000005481E-005  0.96144030220818733     
   5.0500000000005497E-005  0.96062536282748889     
   5.0600000000005513E-005  0.95979440533228366     
   5.0700000000005529E-005  0.95894747934527425     
   5.0800000000005544E-005  0.95808448071401020     
   5.0900000000005560E-005  0.95720521606135356     
   5.1000000000005576E-005  0.95630945498900910     
   5.1100000000005592E-005  0.95539682253115044     
   5.1200000000005608E-005  0.95446685947361476     
   5.1300000000005624E-005  0.95351870214156353     
   5.1400000000005640E-005  0.95255192909780972     
   5.1500000000005656E-005  0.95156651742303622     
   5.1600000000005672E-005  0.95056223634408921     
   5.1700000000005688E-005  0.94953898421653271     
   5.1800000000005704E-005  0.94849698482294453     
   5.1900000000005720E-005  0.94743599866949701     
   5.2000000000005736E-005  0.94635596601923999     
   5.2100000000005752E-005  0.94525628707553000     
   5.2200000000005768E-005  0.94413657115779548     
   5.2300000000005784E-005  0.94299660470315683     
   5.2400000000005800E-005  0.94183624312381653     
   5.2500000000005816E-005  0.94065549023052208     
   5.2600000000005832E-005  0.93945433390575994     
   5.2700000000005848E-005  0.93823286590367483     
   5.2800000000005864E-005  0.93699061046037491     
   5.2900000000005880E-005  0.93572725482789942     
   5.3000000000005896E-005  0.93444213933796505     
   5.3100000000005912E-005  0.93313506846311323     
   5.3200000000005928E-005  0.93180620305880069     
   5.3300000000005944E-005  0.93045532768491834     
   5.3400000000005960E-005  0.92908236253777843     
   5.3500000000005976E-005  0.92768665168196607     
   5.3600000000005992E-005  0.92626829885289941     
   5.3700000000006008E-005  0.92482738953981714     
   5.3800000000006024E-005  0.92336370822706060     
   5.3900000000006040E-005  0.92187778400066611     
   5.4000000000006056E-005  0.92036961262766104     
   5.4100000000006072E-005  0.91883851758960389     
   5.4200000000006088E-005  0.91728443892301170     
   5.4300000000006104E-005  0.91570686047570216     
   5.4400000000006120E-005  0.91410538671120312     
   5.4500000000006136E-005  0.91248050425619065     
   5.4600000000006152E-005  0.91083236880465368     
   5.4700000000006168E-005  0.90916090946897565     
   5.4800000000006184E-005  0.90746602427623491     
   5.4900000000006200E-005  0.90574856280599381     
   5.5000000000006216E-005  0.90400862007046223     
   5.5100000000006232E-005  0.90224582364917316     
   5.5200000000006248E-005  0.90045966907646691     
   5.5300000000006264E-005  0.89864963597250369     
   5.5400000000006280E-005  0.89681619697746751     
   5.5500000000006296E-005  0.89496015024179920     
   5.5600000000006312E-005  0.89308151530190238     
   5.5700000000006328E-005  0.89118043323485507     
   5.5800000000006344E-005  0.88925698563390188     
   5.5900000000006360E-005  0.88731140123293928     
   5.6000000000006376E-005  0.88534421343705905     
   5.6100000000006392E-005  0.88335551172672255     
   5.6200000000006408E-005  0.88134523537938736     
   5.6300000000006424E-005  0.87931397973179215     
   5.6400000000006440E-005  0.87726180077867699     
   5.6500000000006456E-005  0.87518891059027182     
   5.6600000000006472E-005  0.87309550059290308     
   5.6700000000006488E-005  0.87098193056929030     
   5.6800000000006503E-005  0.86884900142362020     
   5.6900000000006519E-005  0.86669716495536486     
   5.7000000000006535E-005  0.86452667253676774     
   5.7100000000006551E-005  0.86233776723212385     
   5.7200000000006567E-005  0.86013098931282983     
   5.7300000000006583E-005  0.85790731470200154     
   5.7400000000006599E-005  0.85566704612644517     
   5.7500000000006615E-005  0.85341117908677744     
   5.7600000000006631E-005  0.85113925946378510     
   5.7700000000006647E-005  0.84885187085630265     
   5.7800000000006663E-005  0.84654947346033715     
   5.7900000000006679E-005  0.84423367675349748     
   5.8000000000006695E-005  0.84190475709498547     
   5.8100000000006711E-005  0.83956318294289767     
   5.8200000000006727E-005  0.83720979275050766     
   5.8300000000006743E-005  0.83484476363789561     
   5.8400000000006759E-005  0.83246891099090281     
   5.8500000000006775E-005  0.83008362895678811     
   5.8600000000006791E-005  0.82768909998143991     
   5.8700000000006807E-005  0.82528631464347568     
   5.8800000000006823E-005  0.82287502193057271     
   5.8900000000006839E-005  0.82045593224584212     
   5.9000000000006855E-005  0.81803052883996663     
   5.9100000000006871E-005  0.81559976669400547     
   5.9200000000006887E-005  0.81316397811968333     
   5.9300000000006903E-005  0.81072426247310281     
   5.9400000000006919E-005  0.80828160174097163     
   5.9500000000006935E-005  0.80583659316027245     
   5.9600000000006951E-005  0.80339009551006080     
   5.9700000000006967E-005  0.80094313405051720     
   5.9800000000006983E-005  0.79849637887986114     
   5.9900000000006999E-005  0.79605091448879561     
   6.0000000000007015E-005  0.79360662604750065     
   6.0100000000007031E-005  0.79116410334240272     
   6.0200000000007047E-005  0.78872410075240784     
   6.0300000000007063E-005  0.78628764782706162     
   6.0400000000007079E-005  0.78385563362699207     
   6.0500000000007095E-005  0.78142840942888536     
   6.0600000000007111E-005  0.77900604303933085     
   6.0700000000007127E-005  0.77658814593348280     
   6.0800000000007143E-005  0.77417549530409102     
   6.0900000000007159E-005  0.77176905344072344     
   6.1000000000007175E-005  0.76936859223911891     
   6.1100000000007150E-005  0.76697521699116844     
   6.1200000000007098E-005  0.76458776341951018     
   6.1300000000007047E-005  0.76220808794510175     
   6.1400000000006995E-005  0.75983636236222374     
   6.1500000000006943E-005  0.75747496939828196     
   6.1600000000006891E-005  0.75512475832894488     
   6.1700000000006839E-005  0.75278530670182553     
   6.1800000000006788E-005  0.75045628164355338     
   6.1900000000006736E-005  0.74813835958805108     
   6.2000000000006684E-005  0.74583265522097231     
   6.2100000000006632E-005  0.74353851881146926     
   6.2200000000006581E-005  0.74125655757808917     
   6.2300000000006529E-005  0.73898710130436929     
   6.2400000000006477E-005  0.73672777061853201     
   6.2500000000006425E-005  0.73447918719222260     
   6.2600000000006373E-005  0.73224191496107949     
   6.2700000000006322E-005  0.73001739714397607     
   6.2800000000006270E-005  0.72780682073149672     
   6.2900000000006218E-005  0.72561160538910241     
   6.3000000000006166E-005  0.72343285842559446     
   6.3100000000006115E-005  0.72126735398744357     
   6.3200000000006063E-005  0.71911451188664910     
   6.3300000000006011E-005  0.71697785355374122     
   6.3400000000005959E-005  0.71485712047622396     
   6.3500000000005907E-005  0.71275240902230097     
   6.3600000000005856E-005  0.71066573791171972     
   6.3700000000005804E-005  0.70859522813555598     
   6.3800000000005752E-005  0.70654166596868684     
   6.3900000000005700E-005  0.70450751615217944     
   6.4000000000005649E-005  0.70249167862521023     
   6.4100000000005597E-005  0.70049394378381258     
   6.4200000000005545E-005  0.69851308676724200     
   6.4300000000005493E-005  0.69654970806325667     
   6.4400000000005441E-005  0.69460440075228558     
   6.4500000000005390E-005  0.69267638579299673     
   6.4600000000005338E-005  0.69076490668045254     
   6.4700000000005286E-005  0.68887194325307366     
   6.4800000000005234E-005  0.68699908371077056     
   6.4900000000005182E-005  0.68514452778812784     
   6.5000000000005131E-005  0.68330762546676393     
   6.5100000000005079E-005  0.68148888120560158     
   6.5200000000005027E-005  0.67969037265819132     
   6.5300000000004975E-005  0.67791294924814383     
   6.5400000000004924E-005  0.67615604386625161     
   6.5500000000004872E-005  0.67442024355420094     
   6.5600000000004820E-005  0.67270575205708205     
   6.5700000000004768E-005  0.67101112087102044     
   6.5800000000004716E-005  0.66933266992044105     
   6.5900000000004665E-005  0.66767233327151254     
   6.6000000000004613E-005  0.66603032065907342     
   6.6100000000004561E-005  0.66440771817336741     
   6.6200000000004509E-005  0.66280427538482434     
   6.6300000000004458E-005  0.66121850642026858     
   6.6400000000004406E-005  0.65964709051629566     
   6.6500000000004354E-005  0.65808918552578088     
   6.6600000000004302E-005  0.65654352483370104     
   6.6700000000004250E-005  0.65501276837125733     
   6.6800000000004199E-005  0.65349853994477480     
   6.6900000000004147E-005  0.65200007146353278     
   6.7000000000004095E-005  0.65051846548466452     
   6.7100000000004043E-005  0.64905560058578549     
   6.7200000000003992E-005  0.64761136244708162     
   6.7300000000003940E-005  0.64618427016894753     
   6.7400000000003888E-005  0.64477324539957259     
   6.7500000000003836E-005  0.64337851844859784     
   6.7600000000003784E-005  0.64199840604959602     
   6.7700000000003733E-005  0.64063177633853707     
   6.7800000000003681E-005  0.63927720436869651     
   6.7900000000003629E-005  0.63793587778582084     
   6.8000000000003577E-005  0.63661002614116446     
   6.8100000000003526E-005  0.63530105203779541     
   6.8200000000003474E-005  0.63400803840600262     
   6.8300000000003422E-005  0.63272993810406164     
   6.8400000000003370E-005  0.63146520336455536     
   6.8500000000003318E-005  0.63021289802128422     
   6.8600000000003267E-005  0.62897397604751648     
   6.8700000000003215E-005  0.62774860013982847     
   6.8800000000003163E-005  0.62653631933873477     
   6.8900000000003111E-005  0.62533671408105551     
   6.9000000000003060E-005  0.62414841277339284     
   6.9100000000003008E-005  0.62297021206340997     
   6.9200000000002956E-005  0.62180286337628454     
   6.9300000000002904E-005  0.62064803901995069     
   6.9400000000002852E-005  0.61950649646911238     
   6.9500000000002801E-005  0.61837731516835415     
   6.9600000000002749E-005  0.61725874476576914     
   6.9700000000002697E-005  0.61615216585798138     
   6.9800000000002645E-005  0.61505728931071346     
   6.9900000000002594E-005  0.61397394367067759     
   7.0000000000002542E-005  0.61290225937081511     
   7.0100000000002490E-005  0.61184098778364149     
   7.0200000000002438E-005  0.61078994347758764     
   7.0300000000002386E-005  0.60974850928505864     
   7.0400000000002335E-005  0.60871794236252741     
   7.0500000000002283E-005  0.60769906096230064     
   7.0600000000002231E-005  0.60669105222110209     
   7.0700000000002179E-005  0.60569357105977095     
   7.0800000000002128E-005  0.60470578512231066     
   7.0900000000002076E-005  0.60372739122700902     
   7.1000000000002024E-005  0.60275891230930045     
   7.1100000000001972E-005  0.60180016302260531     
   7.1200000000001920E-005  0.60085098317941354     
   7.1300000000001869E-005  0.59991160131342958     
   7.1400000000001817E-005  0.59898178654871781     
   7.1500000000001765E-005  0.59806118223831772     
   7.1600000000001713E-005  0.59714951285164908     
   7.1700000000001661E-005  0.59624669967295629     
   7.1800000000001610E-005  0.59535236725544227     
   7.1900000000001558E-005  0.59446707983451630     
   7.2000000000001506E-005  0.59358987815057496     
   7.2100000000001454E-005  0.59271821883909115     
   7.2200000000001403E-005  0.59185380294738954     
   7.2300000000001351E-005  0.59099773004346334     
   7.2400000000001299E-005  0.59015030682187086     
   7.2500000000001247E-005  0.58931111655261703     
   7.2600000000001195E-005  0.58848035508839736     
   7.2700000000001144E-005  0.58765780121412337     
   7.2800000000001092E-005  0.58683925748915533     
   7.2900000000001040E-005  0.58602663007425349     
   7.3000000000000988E-005  0.58522177008665555     
   7.3100000000000937E-005  0.58442447967337152     
   7.3200000000000885E-005  0.58363493869241700     
   7.3300000000000833E-005  0.58285319973558070     
   7.3400000000000781E-005  0.58207898675295822     
   7.3500000000000729E-005  0.58131251813885032     
   7.3600000000000678E-005  0.58055320203531924     
   7.3700000000000626E-005  0.57980054247228718     
   7.3800000000000574E-005  0.57905467923484621     
   7.3900000000000522E-005  0.57831563735411284     
   7.4000000000000471E-005  0.57758308464700348     
   7.4100000000000419E-005  0.57685681028599645     
   7.4200000000000367E-005  0.57613697945056497     
   7.4300000000000315E-005  0.57542383419979370     
   7.4400000000000263E-005  0.57471674545702445     
   7.4500000000000212E-005  0.57401583551882696     
   7.4600000000000160E-005  0.57332021235657060     
   7.4700000000000108E-005  0.57263046543427343     
   7.4800000000000056E-005  0.57194681525829216     
   7.4900000000000005E-005  0.57126894235003411     
   7.4999999999999953E-005  0.57059658773654798     
   7.5099999999999901E-005  0.56992950467131354     
   7.5199999999999849E-005  0.56926796311932049     
   7.5299999999999797E-005  0.56861167195160967     
   7.5399999999999746E-005  0.56796066925050781     
   7.5499999999999694E-005  0.56731503797377625     
   7.5599999999999642E-005  0.56667466378431752     
   7.5699999999999590E-005  0.56603993204291314     
   7.5799999999999539E-005  0.56541065596675999     
   7.5899999999999487E-005  0.56478643753254465     
   7.5999999999999435E-005  0.56416697537795202     
   7.6099999999999383E-005  0.56355254715240610     
   7.6199999999999331E-005  0.56294286807827265     
   7.6299999999999280E-005  0.56233788094943460     
   7.6399999999999228E-005  0.56173789143222519     
   7.6499999999999176E-005  0.56114275385156975     
   7.6599999999999124E-005  0.56055253632991564     
   7.6699999999999073E-005  0.55996716506640209     
   7.6799999999999021E-005  0.55938645689479560     
   7.6899999999998969E-005  0.55881056473983615     
   7.6999999999998917E-005  0.55823965464987901     
   7.7099999999998865E-005  0.55767331773486084     
   7.7199999999998814E-005  0.55711155744365293     
   7.7299999999998762E-005  0.55655452638566949     
   7.7399999999998710E-005  0.55600167865264394     
   7.7499999999998658E-005  0.55545287755538086     
   7.7599999999998607E-005  0.55490875939540851     
   7.7699999999998555E-005  0.55436956548117577     
   7.7799999999998503E-005  0.55383533319411393     
   7.7899999999998451E-005  0.55330581250068778     
   7.7999999999998399E-005  0.55278103541232404     
   7.8099999999998348E-005  0.55226116376756251     
   7.8199999999998296E-005  0.55174623297963887     
   7.8299999999998244E-005  0.55123596902141947     
   7.8399999999998192E-005  0.55073068307161566     
   7.8499999999998140E-005  0.55022970298535734     
   7.8599999999998089E-005  0.54973262239423792     
   7.8699999999998037E-005  0.54923980843115228     
   7.8799999999997985E-005  0.54875150685747842     
   7.8899999999997933E-005  0.54826784888510238     
   7.8999999999997882E-005  0.54778857493054112     
   7.9099999999997830E-005  0.54731332474292316     
   7.9199999999997778E-005  0.54684207968338427     
   7.9299999999997726E-005  0.54637465770968319     
   7.9399999999997674E-005  0.54591063931476413     
   7.9499999999997623E-005  0.54544994027919591     
   7.9599999999997571E-005  0.54499249452866594     
   7.9699999999997519E-005  0.54453814887306007     
   7.9799999999997467E-005  0.54408738028994696     
   7.9899999999997416E-005  0.54364057906593166     
   7.9999999999997364E-005  0.54319792295950708     
   8.0099999999997312E-005  0.54275899599850286     
   8.0199999999997260E-005  0.54232311372234643     
   8.0299999999997208E-005  0.54188965974427783     
   8.0399999999997157E-005  0.54145937780504250     
   8.0499999999997105E-005  0.54103317791417294     
   8.0599999999997053E-005  0.54061098188404622     
   8.0699999999997001E-005  0.54019258699582340     
   8.0799999999996950E-005  0.53977811259284225     
   8.0899999999996898E-005  0.53936748032633519     
   8.0999999999996846E-005  0.53896013685544786     
   8.1099999999996794E-005  0.53855618256553994     
   8.1199999999996742E-005  0.53815574249869835     
   8.1299999999996691E-005  0.53775853242622007     
   8.1399999999996639E-005  0.53736434319215287     
   8.1499999999996587E-005  0.53697334469575808     
   8.1599999999996535E-005  0.53658550510629521     
   8.1699999999996484E-005  0.53620085307656895     
   8.1799999999996432E-005  0.53581973357344281     
   8.1899999999996380E-005  0.53544215927014982     
   8.1999999999996328E-005  0.53506790382142588     
   8.2099999999996276E-005  0.53469708808000471     
   8.2199999999996225E-005  0.53432945773673590     
   8.2299999999996173E-005  0.53396521742762093     
   8.2399999999996121E-005  0.53360414032841919     
   8.2499999999996069E-005  0.53324622783220421     
   8.2599999999996018E-005  0.53289143884176171     
   8.2699999999995966E-005  0.53253941510736280     
   8.2799999999995914E-005  0.53219007465510570     
   8.2899999999995862E-005  0.53184353418565133     
   8.2999999999995810E-005  0.53150006240327274     
   8.3099999999995759E-005  0.53115965997057368     
   8.3199999999995707E-005  0.53082227558138140     
   8.3299999999995655E-005  0.53048798103650829     
   8.3399999999995603E-005  0.53015647566062829     
   8.3499999999995552E-005  0.52982781397048828     
   8.3599999999995500E-005  0.52950211022044424     
   8.3699999999995448E-005  0.52917932399916690     
   8.3799999999995396E-005  0.52885951547623633     
   8.3899999999995344E-005  0.52854270383901258     
   8.3999999999995293E-005  0.52822858686093277     
   8.4099999999995241E-005  0.52791755520506956     
   8.4199999999995189E-005  0.52760935614632387     
   8.4299999999995137E-005  0.52730341879650233     
   8.4399999999995086E-005  0.52699976561556638     
   8.4499999999995034E-005  0.52669870958558085     
   8.4599999999994982E-005  0.52640008492488988     
   8.4699999999994930E-005  0.52610382128921795     
   8.4799999999994878E-005  0.52580989968328473     
   8.4899999999994827E-005  0.52551831134671056     
   8.4999999999994775E-005  0.52522842311438867     
   8.5099999999994723E-005  0.52494059967341833     
   8.5199999999994671E-005  0.52465530944543548     
   8.5299999999994619E-005  0.52437242853550992     
   8.5399999999994568E-005  0.52409190373978309     
   8.5499999999994516E-005  0.52381370640948666     
   8.5599999999994464E-005  0.52353807243958839     
   8.5699999999994412E-005  0.52326458087794825     
   8.5799999999994361E-005  0.52299333095458578     
   8.5899999999994309E-005  0.52272456463955874     
   8.5999999999994257E-005  0.52245787607515903     
   8.6099999999994205E-005  0.52219357876511707     
   8.6199999999994153E-005  0.52193152576665580     
   8.6299999999994102E-005  0.52167175895166107     
   8.6399999999994050E-005  0.52141431629107438     
   8.6499999999993998E-005  0.52115903887906156     
   8.6599999999993946E-005  0.52090608035024155     
   8.6699999999993895E-005  0.52065531412864408     
   8.6799999999993843E-005  0.52040662111345148     
   8.6899999999993791E-005  0.52015997532587466     
   8.6999999999993739E-005  0.51991521742557467     
   8.7099999999993687E-005  0.51967259926753029     
   8.7199999999993636E-005  0.51943213787613152     
   8.7299999999993584E-005  0.51919347277825167     
   8.7399999999993532E-005  0.51895673954813915     
   8.7499999999993480E-005  0.51872192467985012     
   8.7599999999993429E-005  0.51848911955090804     
   8.7699999999993377E-005  0.51825853924712084     
   8.7799999999993325E-005  0.51803024461220271     
   8.7899999999993273E-005  0.51780409434553543     
   8.7999999999993221E-005  0.51757998635263558     
   8.8099999999993170E-005  0.51735800715014868     
   8.8199999999993118E-005  0.51713786099652981     
   8.8299999999993066E-005  0.51691965787592076     
   8.8399999999993014E-005  0.51670322817316428     
   8.8499999999992963E-005  0.51648881774748123     
   8.8599999999992911E-005  0.51627625981519631     
   8.8699999999992859E-005  0.51606559252835971     
   8.8799999999992807E-005  0.51585681458231092     
   8.8899999999992755E-005  0.51565002833524931     
   8.8999999999992704E-005  0.51544530838628755     
   8.9099999999992652E-005  0.51524263139285909     
   8.9199999999992600E-005  0.51504167852780591     
   8.9299999999992548E-005  0.51484218461269660     
   8.9399999999992497E-005  0.51464437654711059     
   8.9499999999992445E-005  0.51444810836233190     
   8.9599999999992393E-005  0.51425354346345664     
   8.9699999999992341E-005  0.51406081850074714     
   8.9799999999992289E-005  0.51386993778024526     
   8.9899999999992238E-005  0.51368075119277612     
   8.9999999999992186E-005  0.51349348353374846     
   9.0099999999992134E-005  0.51330820330873717     
   9.0199999999992082E-005  0.51312471779227009     
   9.0299999999992031E-005  0.51294302366430988     
   9.0399999999991979E-005  0.51276312065179164     
   9.0499999999991927E-005  0.51258491127167383     
   9.0599999999991875E-005  0.51240832623520793     
   9.0699999999991823E-005  0.51223348222956366     
   9.0799999999991772E-005  0.51206035760460689     
   9.0899999999991720E-005  0.51188897269816924     
   9.0999999999991668E-005  0.51171927851072696     
   9.1099999999991616E-005  0.51155125839921389     
   9.1199999999991565E-005  0.51138484665886486     
   9.1299999999991513E-005  0.51121992405178285     
   9.1399999999991461E-005  0.51105663613783092     
   9.1499999999991409E-005  0.51089490647664282     
   9.1599999999991357E-005  0.51073481589803582     
   9.1699999999991306E-005  0.51057643608575320     
   9.1799999999991254E-005  0.51041963105332133     
   9.1899999999991202E-005  0.51026439146987790     
   9.1999999999991150E-005  0.51011075879643497     
   9.2099999999991098E-005  0.50995888975073900     
   9.2199999999991047E-005  0.50980884332093501     
   9.2299999999990995E-005  0.50966052899321534     
   9.2399999999990943E-005  0.50951373970627789     
   9.2499999999990891E-005  0.50936869293433229     
   9.2599999999990840E-005  0.50922541346917261     
   9.2699999999990788E-005  0.50908362502286075     
   9.2799999999990736E-005  0.50894354955724552     
   9.2899999999990684E-005  0.50880518095874605     
   9.2999999999990632E-005  0.50866848137127407     
   9.3099999999990581E-005  0.50853329058241847     
   9.3199999999990529E-005  0.50839953084103628     
   9.3299999999990477E-005  0.50826739135573173     
   9.3399999999990425E-005  0.50813695306949014     
   9.3499999999990374E-005  0.50800783359160517     
   9.3599999999990322E-005  0.50788009790560074     
   9.3699999999990270E-005  0.50775390379945706     
   9.3799999999990218E-005  0.50762928894650683     
   9.3899999999990166E-005  0.50750614118525406     
   9.3999999999990115E-005  0.50738459387933221     
   9.4099999999990063E-005  0.50726451359373348     
   9.4199999999990011E-005  0.50714534380695375     
   9.4299999999989959E-005  0.50702671943542044     
   9.4399999999989908E-005  0.50690899266616052     
   9.4499999999989856E-005  0.50679239515973540     
   9.4599999999989804E-005  0.50667705377417183     
   9.4699999999989752E-005  0.50656318793077171     
   9.4799999999989700E-005  0.50645075061455391     
   9.4899999999989649E-005  0.50633976504996614     
   9.4999999999989597E-005  0.50623029294183919     
   9.5099999999989545E-005  0.50612243660126488     
   9.5199999999989493E-005  0.50601607004642490     
   9.5299999999989442E-005  0.50591101218093892     
   9.5399999999989390E-005  0.50580736847756824     
   9.5499999999989338E-005  0.50570508392981839     
   9.5599999999989286E-005  0.50560394716175927     
   9.5699999999989234E-005  0.50550414591591253     
   9.5799999999989183E-005  0.50540540049926819     
   9.5899999999989131E-005  0.50530808296347085     
   9.5999999999989079E-005  0.50521212183185338     
   9.6099999999989027E-005  0.50511759194447969     
   9.6199999999988976E-005  0.50502448292322466     
   9.6299999999988924E-005  0.50493266602129872     
   9.6399999999988872E-005  0.50484232668970430     
   9.6499999999988820E-005  0.50475346740875826     
   9.6599999999988768E-005  0.50466609560124021     
   9.6699999999988717E-005  0.50458004524239108     
   9.6799999999988665E-005  0.50449541158312572     
   9.6899999999988613E-005  0.50441230234640755     
   9.6999999999988561E-005  0.50433059144984205     
   9.7099999999988510E-005  0.50425028888635770     
   9.7199999999988458E-005  0.50417122357455180     
   9.7299999999988406E-005  0.50409325916203918     
   9.7399999999988354E-005  0.50401661609973147     
   9.7499999999988302E-005  0.50394140672950727     
   9.7599999999988251E-005  0.50386742168560095     
   9.7699999999988199E-005  0.50379480125437537     
   9.7799999999988147E-005  0.50372346783458466     
   9.7899999999988095E-005  0.50365352105034900     
   9.7999999999988044E-005  0.50358502960289009     
   9.8099999999987992E-005  0.50351779224074644     
   9.8199999999987940E-005  0.50345200830850179     
   9.8299999999987888E-005  0.50338758307810838     
   9.8399999999987836E-005  0.50332453210722539     
   9.8499999999987785E-005  0.50326299182045131     
   9.8599999999987733E-005  0.50320275407061921     
   9.8699999999987681E-005  0.50314373196039941     
   9.8799999999987629E-005  0.50308595505263720     
   9.8899999999987577E-005  0.50302954800572663     
   9.8999999999987526E-005  0.50297452568230550     
   9.9099999999987474E-005  0.50292090145111346     
   9.9199999999987422E-005  0.50286854412455340     
   9.9299999999987370E-005  0.50281734939258005     
   9.9399999999987319E-005  0.50276756010888979     
   9.9499999999987267E-005  0.50271920487686317     
   9.9599999999987215E-005  0.50267214113794689     
   9.9699999999987163E-005  0.50262613856949945     
   9.9799999999987111E-005  0.50258123362069707     
   9.9899999999987060E-005  0.50253761325552249     
   9.9999999999987008E-005  0.50249526228392105     
   1.0009999999998696E-004  0.50245407152471677     
   1.0019999999998690E-004  0.50241389617998178     
   1.0029999999998685E-004  0.50237477327795921     
   1.0039999999998680E-004  0.50233686614508910     
   1.0049999999998675E-004  0.50230014418622781     
   1.0059999999998670E-004  0.50226467261996310     
   1.0069999999998665E-004  0.50223038500694706     
   1.0079999999998659E-004  0.50219722066832428     
   1.0089999999998654E-004  0.50216517727316401     
   1.0099999999998649E-004  0.50213430382543056     
   1.0109999999998644E-004  0.50210448558055154     
   1.0119999999998639E-004  0.50207578497770688     
   1.0129999999998633E-004  0.50204814326732283     
   1.0139999999998628E-004  0.50202153927787108     
   1.0149999999998623E-004  0.50199598324414574     
   1.0159999999998618E-004  0.50197159738596375     
   1.0169999999998613E-004  0.50194820402862861     
   1.0179999999998608E-004  0.50192598292068302     
   1.0189999999998602E-004  0.50190478305127406     
   1.0199999999998597E-004  0.50188467849867691     
   1.0209999999998592E-004  0.50186570215195547     
   1.0219999999998587E-004  0.50184773586260101     
   1.0229999999998582E-004  0.50183087615123811     
   1.0239999999998577E-004  0.50181510978761823     
   1.0249999999998571E-004  0.50180046109541088     
   1.0259999999998566E-004  0.50178673018164388     
   1.0269999999998561E-004  0.50177387975554355     
   1.0279999999998556E-004  0.50176200243311586     
   1.0289999999998551E-004  0.50175118031172206     
   1.0299999999998545E-004  0.50174135578522960     
   1.0309999999998540E-004  0.50173254468535600     
   1.0319999999998535E-004  0.50172461139059632     
   1.0329999999998530E-004  0.50171765235362242     
   1.0339999999998525E-004  0.50171168577078240     
   1.0349999999998520E-004  0.50170642701669732     
   1.0359999999998514E-004  0.50170203661924284     
   1.0369999999998509E-004  0.50169866136435215     
   1.0379999999998504E-004  0.50169627924275295     
   1.0389999999998499E-004  0.50169494526231639     
   1.0399999999998494E-004  0.50169459398491179     
   1.0409999999998488E-004  0.50169513513597008     
   1.0419999999998483E-004  0.50169655583028705     
   1.0429999999998478E-004  0.50169874597326347     
   1.0439999999998473E-004  0.50170172841357485     
   1.0449999999998468E-004  0.50170551474704694     
   1.0459999999998463E-004  0.50171009450306492     
   1.0469999999998457E-004  0.50171545099357273     
   1.0479999999998452E-004  0.50172184909956474     
   1.0489999999998447E-004  0.50172930943949157     
   1.0499999999998442E-004  0.50173755585960322     
   1.0509999999998437E-004  0.50174667778650306     
   1.0519999999998432E-004  0.50175658847848581     
   1.0529999999998426E-004  0.50176736932946353     
   1.0539999999998421E-004  0.50177893625807224     
   1.0549999999998416E-004  0.50179132771833124     
   1.0559999999998411E-004  0.50180469427774232     
   1.0569999999998406E-004  0.50181887378317513     
   1.0579999999998400E-004  0.50183379011393547     
   1.0589999999998395E-004  0.50184960707152682     
   1.0599999999998390E-004  0.50186636401374041     
   1.0609999999998385E-004  0.50188383357069610     
   1.0619999999998380E-004  0.50190201114883559     
   1.0629999999998375E-004  0.50192088554637959     
   1.0639999999998369E-004  0.50194043197336780     
   1.0649999999998364E-004  0.50196037782765202     
   1.0659999999998359E-004  0.50198074211056920     
   1.0669999999998354E-004  0.50200131713042229     
   1.0679999999998349E-004  0.50202244369274596     
   1.0689999999998344E-004  0.50204405540860564     
   1.0699999999998338E-004  0.50206615341152017     
   1.0709999999998333E-004  0.50208876916190881     
   1.0719999999998328E-004  0.50211205672932246     
   1.0729999999998323E-004  0.50213591881602326     
   1.0739999999998318E-004  0.50216034978536483     
   1.0749999999998312E-004  0.50218530468430045     
   1.0759999999998307E-004  0.50221079747702002     
   1.0769999999998302E-004  0.50223699737682059     
   1.0779999999998297E-004  0.50226362777707878     
   1.0789999999998292E-004  0.50229070788613772     
   1.0799999999998287E-004  0.50231822918768254     
   1.0809999999998281E-004  0.50234607351954075     
   1.0819999999998276E-004  0.50237431487845696     
   1.0829999999998271E-004  0.50240271611072795     
   1.0839999999998266E-004  0.50243135115493576     
   1.0849999999998261E-004  0.50246029356689781     
   1.0859999999998255E-004  0.50248945263818656     
   1.0869999999998250E-004  0.50251870914386676     
   1.0879999999998245E-004  0.50254825516878809     
   1.0889999999998240E-004  0.50257809976268653     
   1.0899999999998235E-004  0.50260824710432073     
   1.0909999999998230E-004  0.50263873243452506     
   1.0919999999998224E-004  0.50266930342449689     
   1.0929999999998219E-004  0.50269972574149979     
   1.0939999999998214E-004  0.50273018648647061     
   1.0949999999998209E-004  0.50276066344236969     
   1.0959999999998204E-004  0.50279119124138838     
   1.0969999999998199E-004  0.50282163113109646     
   1.0979999999998193E-004  0.50285203087630503     
   1.0989999999998188E-004  0.50288243208285943     
   1.0999999999998183E-004  0.50291273924529956     
   1.1009999999998178E-004  0.50294297651626374     
   1.1019999999998173E-004  0.50297296473080666     
   1.1029999999998167E-004  0.50300249119556750     
   1.1039999999998162E-004  0.50303156137012106     
   1.1049999999998157E-004  0.50305999741264162     
   1.1059999999998152E-004  0.50308775037133358     
   1.1069999999998147E-004  0.50311484571904841     
   1.1079999999998142E-004  0.50314120913572968     
   1.1089999999998136E-004  0.50316675796372556     
   1.1099999999998131E-004  0.50319132551230217     
   1.1109999999998126E-004  0.50321469505660499     
   1.1119999999998121E-004  0.50323689922856785     
   1.1129999999998116E-004  0.50325821798735704     
   1.1139999999998111E-004  0.50327876141843730     
   1.1149999999998105E-004  0.50329821373515382     
   1.1159999999998100E-004  0.50331662844648661     
   1.1169999999998095E-004  0.50333398757625825     
   1.1179999999998090E-004  0.50335012522181521     
   1.1189999999998085E-004  0.50336509744053215     
   1.1199999999998079E-004  0.50337879520414597     
   1.1209999999998074E-004  0.50339124546909553     
   1.1219999999998069E-004  0.50340240259674462     
   1.1229999999998064E-004  0.50341228336585875     
   1.1239999999998059E-004  0.50342052459146269     
   1.1249999999998054E-004  0.50342760694660948     
   1.1259999999998048E-004  0.50343343343156699     
   1.1269999999998043E-004  0.50343792638565599     
   1.1279999999998038E-004  0.50344069161238758     
   1.1289999999998033E-004  0.50344166991043260     
   1.1299999999998028E-004  0.50344097541775878     
   1.1309999999998022E-004  0.50343844224490464     
   1.1319999999998017E-004  0.50343416061975821     
   1.1329999999998012E-004  0.50342826249179917     
   1.1339999999998007E-004  0.50342062486810402     
   1.1349999999998002E-004  0.50341121839366487     
   1.1359999999997997E-004  0.50340017401048542     
   1.1369999999997991E-004  0.50338742300472383     
   1.1379999999997986E-004  0.50337303024106217     
   1.1389999999997981E-004  0.50335679746392603     
   1.1399999999997976E-004  0.50333841225512455     
   1.1409999999997971E-004  0.50331794195311552     
   1.1419999999997966E-004  0.50329555347005639     
   1.1429999999997960E-004  0.50327118014000660     
   1.1439999999997955E-004  0.50324499274807011     
   1.1449999999997950E-004  0.50321719290762401     
   1.1459999999997945E-004  0.50318772821356861     
   1.1469999999997940E-004  0.50315650848657112     
   1.1479999999997934E-004  0.50312344396565223     
   1.1489999999997929E-004  0.50308835588695200     
   1.1499999999997924E-004  0.50305123239375193     
   1.1509999999997919E-004  0.50301220676393477     
   1.1519999999997914E-004  0.50297135295611417     
   1.1529999999997909E-004  0.50292843809991850     
   1.1539999999997903E-004  0.50288344255197881     
   1.1549999999997898E-004  0.50283637101805445     
   1.1559999999997893E-004  0.50278758856166428     
   1.1569999999997888E-004  0.50273714194603336     
   1.1579999999997883E-004  0.50268488269729239     
   1.1589999999997877E-004  0.50263081193751202     
   1.1599999999997872E-004  0.50257497984016508     
   1.1609999999997867E-004  0.50251737938735974     
   1.1619999999997862E-004  0.50245788743491682     
   1.1629999999997857E-004  0.50239690282276417     
   1.1639999999997852E-004  0.50233434956826362     
   1.1649999999997846E-004  0.50227038337457364     
   1.1659999999997841E-004  0.50220500490537012     
   1.1669999999997836E-004  0.50213828964081608     
   1.1679999999997831E-004  0.50207018627509037     
   1.1689999999997826E-004  0.50200089651515034     
   1.1699999999997821E-004  0.50193043402258253     
   1.1709999999997815E-004  0.50185880631501301     
   1.1719999999997810E-004  0.50178609537500163     
   1.1729999999997805E-004  0.50171234078757398     
   1.1739999999997800E-004  0.50163763390584248     
   1.1749999999997795E-004  0.50156209485151859     
   1.1759999999997789E-004  0.50148561967095795     
   1.1769999999997784E-004  0.50140823725338224     
   1.1779999999997779E-004  0.50133007237151017     
   1.1789999999997774E-004  0.50125118015804171     
   1.1799999999997769E-004  0.50117154522517682     
   1.1809999999997764E-004  0.50109118605097092     
   1.1819999999997758E-004  0.50101010931881129     
   1.1829999999997753E-004  0.50092829223179425     
   1.1839999999997748E-004  0.50084585380409008     
   1.1849999999997743E-004  0.50076293117189763     
   1.1859999999997738E-004  0.50067944298811051     
   1.1869999999997733E-004  0.50059547576585839     
   1.1879999999997727E-004  0.50051091096505806     
   1.1889999999997722E-004  0.50042570250037666     
   1.1899999999997717E-004  0.50033989096221998     
   1.1909999999997712E-004  0.50025354105859843     
   1.1919999999997707E-004  0.50016660976997573     
   1.1929999999997701E-004  0.50007909620000701     
   1.1939999999997696E-004  0.49999104779007225     
   1.1949999999997691E-004  0.49990263310231686     
   1.1959999999997686E-004  0.49981381757908044     
   1.1969999999997681E-004  0.49972468354587435     
   1.1979999999997676E-004  0.49963511922392984     
   1.1989999999997670E-004  0.49954519696073579     
   1.1999999999997665E-004  0.49945497977153358     
