# RMS shrinking factor for the case B18Ra8CT1
   1.0999999999999998E-007  0.99999998675766066     
   2.1000000000000008E-007  0.99999974414503301     
   3.1000000000000016E-007  0.99999963521670920     
   4.1000000000000026E-007  0.99999941438723994     
   5.1000000000000031E-007  0.99999907718410530     
   6.1000000000000041E-007  0.99999897209327104     
   7.1000000000000051E-007  0.99999831763911129     
   8.1000000000000061E-007  0.99999816936747421     
   9.1000000000000071E-007  0.99999751672597070     
   1.0100000000000003E-006  0.99999696222912526     
   1.1099999999999993E-006  0.99999659940845409     
   1.2099999999999984E-006  0.99999529919607355     
   1.3099999999999974E-006  0.99999507042955293     
   1.4099999999999965E-006  0.99999369422171147     
   1.5099999999999955E-006  0.99999278015758208     
   1.6099999999999945E-006  0.99999171994925840     
   1.7099999999999936E-006  0.99998983415599307     
   1.8099999999999926E-006  0.99998931336351315     
   1.9099999999999919E-006  0.99998658766862281     
   2.0099999999999909E-006  0.99998543724600775     
   2.1099999999999900E-006  0.99998315972300655     
   2.2099999999999890E-006  0.99998042352006600     
   2.3099999999999880E-006  0.99997911239462089     
   2.4099999999999871E-006  0.99997498845309829     
   2.5099999999999861E-006  0.99997332644743786     
   2.6099999999999852E-006  0.99996952123912386     
   2.7099999999999842E-006  0.99996609235116940     
   2.8099999999999833E-006  0.99996309289114116     
   2.9099999999999823E-006  0.99995756695955207     
   3.0099999999999813E-006  0.99995513765888244     
   3.1099999999999804E-006  0.99994890485451005     
   3.2099999999999794E-006  0.99994465487492057     
   3.3099999999999785E-006  0.99993969105932345     
   3.4099999999999775E-006  0.99993265587549496     
   3.5099999999999766E-006  0.99992855799605174     
   3.6099999999999756E-006  0.99991991157087678     
   3.7099999999999746E-006  0.99991409197230585     
   3.8099999999999737E-006  0.99990630147425885     
   3.9099999999999727E-006  0.99989792977850322     
   4.0099999999999718E-006  0.99989070111787182     
   4.1099999999999708E-006  0.99987998146966861     
   4.2099999999999699E-006  0.99987220011934574     
   4.3099999999999689E-006  0.99986138402218994     
   4.4099999999999679E-006  0.99985071808485559     
   4.5099999999999670E-006  0.99984024149864270     
   4.6099999999999660E-006  0.99982761987055579     
   4.7099999999999651E-006  0.99981602096679001     
   4.8099999999999641E-006  0.99980280285179468     
   4.9099999999999632E-006  0.99978902843348927     
   5.0099999999999622E-006  0.99977497499334533     
   5.1099999999999612E-006  0.99976004020462239     
   5.2099999999999603E-006  0.99974359857255046     
   5.3099999999999593E-006  0.99972880959065236     
   5.4099999999999584E-006  0.99970971429386501     
   5.5099999999999574E-006  0.99969268187340643     
   5.6099999999999565E-006  0.99967437921522773     
   5.7099999999999555E-006  0.99965260784102117     
   5.8099999999999545E-006  0.99963727687058668     
   5.9099999999999536E-006  0.99961033500410323     
   6.0099999999999526E-006  0.99959275538759784     
   6.1099999999999517E-006  0.99956803263433758     
   6.2099999999999507E-006  0.99954316632766327     
   6.3099999999999498E-006  0.99952427884687955     
   6.4099999999999488E-006  0.99948801293939937     
   6.5099999999999478E-006  0.99947407419801026     
   6.6099999999999469E-006  0.99944112334930302     
   6.7099999999999459E-006  0.99941383263991901     
   6.8099999999999450E-006  0.99939092265714602     
   6.9099999999999440E-006  0.99934766171312417     
   7.0099999999999430E-006  0.99933636303921980     
   7.1099999999999421E-006  0.99928827989963043     
   7.2099999999999411E-006  0.99926596218080277     
   7.3099999999999402E-006  0.99923260350293508     
   7.4099999999999392E-006  0.99918961587347210     
   7.5099999999999383E-006  0.99917724016600606     
   7.6099999999999373E-006  0.99911354081124970     
   7.7099999999999363E-006  0.99909765815442264     
   7.8099999999999354E-006  0.99905499350892124     
   7.9099999999999344E-006  0.99901272978124189     
   8.0099999999999335E-006  0.99899811319855869     
   8.1099999999999325E-006  0.99892351248987421     
   8.2099999999999316E-006  0.99892686088271798     
   8.3099999999999306E-006  0.99886577952570033     
   8.4099999999999296E-006  0.99883833145921730     
   8.5099999999999287E-006  0.99881117493523275     
   8.6099999999999277E-006  0.99874866829717446     
   8.7099999999999268E-006  0.99875919287773451     
   8.8099999999999258E-006  0.99868863620340653     
   8.9099999999999249E-006  0.99867352828357103     
   9.0099999999999239E-006  0.99864228299279634     
   9.1099999999999229E-006  0.99859240581243047     
   9.2099999999999220E-006  0.99859926631842766     
   9.3099999999999210E-006  0.99852806848542852     
   9.4099999999999201E-006  0.99853539059825447     
   9.5099999999999191E-006  0.99849708643940915     
   9.6099999999999182E-006  0.99847323978367519     
   9.7099999999999172E-006  0.99846926827043414     
   9.8099999999999162E-006  0.99841777445826596     
   9.9099999999999153E-006  0.99843156844012437     
   1.0009999999999914E-005  0.99840368993826045     
   1.0109999999999913E-005  0.99839446805136800     
   1.0209999999999912E-005  0.99839065646619451     
   1.0309999999999911E-005  0.99837076226424315     
   1.0409999999999910E-005  0.99837838677052393     
   1.0509999999999910E-005  0.99836224950765440     
   1.0609999999999909E-005  0.99836261716789543     
   1.0709999999999908E-005  0.99835931255819199     
   1.0809999999999907E-005  0.99835383755681850     
   1.0909999999999906E-005  0.99835555788935626     
   1.1009999999999905E-005  0.99835161203135170     
   1.1109999999999904E-005  0.99834770135716588     
   1.1209999999999903E-005  0.99834384485540895     
   1.1309999999999902E-005  0.99834004853778091     
   1.1409999999999901E-005  0.99833631440185477     
   1.1509999999999900E-005  0.99833264419328294     
   1.1609999999999899E-005  0.99832903699523712     
   1.1709999999999898E-005  0.99832549528464920     
   1.1809999999999897E-005  0.99832201882353166     
   1.1909999999999896E-005  0.99831860790977400     
   1.0000000000000000E-008  0.99831125565194345     
   1.2099999999999894E-005  0.99789738512625026     
   1.2199999999999893E-005  0.99789393491342449     
   1.2299999999999892E-005  0.99789054300396085     
   1.2399999999999891E-005  0.99788721251349277     
   1.2499999999999890E-005  0.99788394316273121     
   1.2599999999999890E-005  0.99788073139148425     
   1.2699999999999889E-005  0.99787757981582781     
   1.2799999999999888E-005  0.99787448768549891     
   1.2899999999999887E-005  0.99787144734274891     
   1.2999999999999886E-005  0.99786846243669958     
   1.3099999999999885E-005  0.99786553016738699     
   1.3199999999999884E-005  0.99786264678879921     
   1.3299999999999883E-005  0.99785981403541668     
   1.3399999999999882E-005  0.99785703245016111     
   1.3499999999999881E-005  0.99785430387024843     
   1.3599999999999880E-005  0.99785162126508054     
   1.3699999999999879E-005  0.99784897821956353     
   1.3799999999999878E-005  0.99784636767598756     
   1.3899999999999877E-005  0.99784378712410760     
   1.3999999999999876E-005  0.99784124033451027     
   1.4099999999999875E-005  0.99783872733341128     
   1.4199999999999874E-005  0.99783623985006731     
   1.4299999999999873E-005  0.99783378029725156     
   1.4399999999999872E-005  0.99783135217445174     
   1.4499999999999871E-005  0.99782895016222251     
   1.4599999999999870E-005  0.99782657163382549     
   1.4699999999999869E-005  0.99782421749048089     
   1.4799999999999868E-005  0.99782188616499323     
   1.4899999999999868E-005  0.99781956798924165     
   1.4999999999999867E-005  0.99781724205087907     
   1.5099999999999866E-005  0.99781489798643919     
   1.5199999999999865E-005  0.99781254292975363     
   1.5299999999999870E-005  0.99781018029067936     
   1.5399999999999886E-005  0.99780780483984088     
   1.5499999999999902E-005  0.99780541577831861     
   1.5599999999999918E-005  0.99780299511993020     
   1.5699999999999934E-005  0.99780051851866125     
   1.5799999999999950E-005  0.99779798388674557     
   1.5899999999999966E-005  0.99779541124273685     
   1.5999999999999982E-005  0.99779276975638942     
   1.6099999999999998E-005  0.99779004694640538     
   1.6200000000000014E-005  0.99778723666090297     
   1.6300000000000030E-005  0.99778435164162338     
   1.6400000000000046E-005  0.99778137435129843     
   1.6500000000000062E-005  0.99777829251829298     
   1.6600000000000078E-005  0.99777509659357488     
   1.6700000000000094E-005  0.99777175497593229     
   1.6800000000000110E-005  0.99776827544511937     
   1.6900000000000126E-005  0.99776461273338857     
   1.7000000000000142E-005  0.99776077401301000     
   1.7100000000000158E-005  0.99775675515122997     
   1.7200000000000174E-005  0.99775251003265897     
   1.7300000000000190E-005  0.99774800676608166     
   1.7400000000000206E-005  0.99774318383272165     
   1.7500000000000222E-005  0.99773801481691848     
   1.7600000000000238E-005  0.99773242242335747     
   1.7700000000000254E-005  0.99772631264882439     
   1.7800000000000270E-005  0.99771970956528466     
   1.7900000000000286E-005  0.99771265742913062     
   1.8000000000000302E-005  0.99770507802511965     
   1.8100000000000318E-005  0.99769698757987280     
   1.8200000000000334E-005  0.99768833829198200     
   1.8300000000000350E-005  0.99767900146877131     
   1.8400000000000366E-005  0.99766890851595424     
   1.8500000000000382E-005  0.99765800710263297     
   1.8600000000000398E-005  0.99764619850554115     
   1.8700000000000414E-005  0.99763347153719384     
   1.8800000000000430E-005  0.99761966656387646     
   1.8900000000000446E-005  0.99760477637315847     
   1.9000000000000462E-005  0.99758867677458540     
   1.9100000000000478E-005  0.99757119088638002     
   1.9200000000000494E-005  0.99755220668796885     
   1.9300000000000510E-005  0.99753152059419570     
   1.9400000000000526E-005  0.99750894420439018     
   1.9500000000000542E-005  0.99748426312316696     
   1.9600000000000558E-005  0.99745731687050943     
   1.9700000000000574E-005  0.99742804031649523     
   1.9800000000000590E-005  0.99739621923306754     
   1.9900000000000606E-005  0.99736138917868722     
   2.0000000000000622E-005  0.99732331524575046     
   2.0100000000000638E-005  0.99728170647337344     
   2.0200000000000654E-005  0.99723594868158727     
   2.0300000000000670E-005  0.99718587626782074     
   2.0400000000000686E-005  0.99713066410959361     
   2.0500000000000702E-005  0.99706960664993016     
   2.0600000000000718E-005  0.99700189783147386     
   2.0700000000000734E-005  0.99692667071888852     
   2.0800000000000750E-005  0.99684280722815732     
   2.0900000000000766E-005  0.99674875716928379     
   2.1000000000000781E-005  0.99664321997462590     
   2.1100000000000797E-005  0.99652438122749853     
   2.1200000000000813E-005  0.99639041976994502     
   2.1300000000000829E-005  0.99623912906683210     
   2.1400000000000845E-005  0.99606768100213772     
   2.1500000000000861E-005  0.99587241056141862     
   2.1600000000000877E-005  0.99564903954689254     
   2.1700000000000893E-005  0.99539215311848861     
   2.1800000000000909E-005  0.99509525196968462     
   2.1900000000000925E-005  0.99475026161273494     
   2.2000000000000941E-005  0.99434990156646563     
   2.2100000000000957E-005  0.99388399519379123     
   2.2200000000000973E-005  0.99333982860009162     
   2.2300000000000989E-005  0.99270217711694531     
   2.2400000000001005E-005  0.99195673345393720     
   2.2500000000001021E-005  0.99108932423797347     
   2.2600000000001037E-005  0.99008757397315317     
   2.2700000000001053E-005  0.98893246457652184     
   2.2800000000001069E-005  0.98760865252256602     
   2.2900000000001085E-005  0.98609896100904126     
   2.3000000000001101E-005  0.98437333412361960     
   2.3100000000001117E-005  0.98236612899569098     
   2.3200000000001133E-005  0.98002123175885203     
   2.3300000000001149E-005  0.97731583128919830     
   2.3400000000001165E-005  0.97422075800928443     
   2.3500000000001181E-005  0.97068990456494497     
   2.3600000000001197E-005  0.96671212009521734     
   2.3700000000001213E-005  0.96225321956613930     
   2.3800000000001229E-005  0.95723942288433050     
   2.3900000000001245E-005  0.95160345245936928     
   2.4000000000001261E-005  0.94529932106424541     
   2.4100000000001277E-005  0.93829302824746053     
   2.4200000000001293E-005  0.93053235702777393     
   2.4300000000001309E-005  0.92198514599209758     
   2.4400000000001325E-005  0.91261426876028584     
   2.4500000000001341E-005  0.90240780709596169     
   2.4600000000001357E-005  0.89135991241127233     
   2.4700000000001373E-005  0.87948243579130814     
   2.4800000000001389E-005  0.86679215142410759     
   2.4900000000001405E-005  0.85334825153119953     
   2.5000000000001421E-005  0.83925270932438700     
   2.5100000000001437E-005  0.82460290387604973     
   2.5200000000001453E-005  0.80950087821281302     
   2.5300000000001469E-005  0.79411913841214765     
   2.5400000000001485E-005  0.77852576597847090     
   2.5500000000001501E-005  0.76290242253102902     
   2.5600000000001517E-005  0.74750316193821731     
   2.5700000000001533E-005  0.73248194495073826     
   2.5800000000001549E-005  0.71797243750823625     
   2.5900000000001565E-005  0.70406281433587770     
   2.6000000000001581E-005  0.69084665530158840     
   2.6100000000001597E-005  0.67840913609511322     
   2.6200000000001613E-005  0.66687540619001340     
   2.6300000000001629E-005  0.65612868782635225     
   2.6400000000001645E-005  0.64610327610351814     
   2.6500000000001661E-005  0.63686677342514830     
   2.6600000000001677E-005  0.62830159359567916     
   2.6700000000001693E-005  0.62025846970365306     
   2.6800000000001709E-005  0.61270318628936071     
   2.6900000000001725E-005  0.60573015198451707     
   2.7000000000001740E-005  0.59936278022041323     
   2.7100000000001756E-005  0.59354799198621266     
   2.7200000000001772E-005  0.58826045929440074     
   2.7300000000001788E-005  0.58343925759562065     
   2.7400000000001804E-005  0.57899530164022261     
   2.7500000000001820E-005  0.57486362052723039     
   2.7600000000001836E-005  0.57102743189036265     
   2.7700000000001852E-005  0.56748066522295493     
   2.7800000000001868E-005  0.56419253915387346     
   2.7900000000001884E-005  0.56115001514544582     
   2.8000000000001900E-005  0.55833210247707477     
   2.8100000000001916E-005  0.55571586672259954     
   2.8200000000001932E-005  0.55328387252005962     
   2.8300000000001948E-005  0.55102924362674421     
   2.8400000000001964E-005  0.54892798037051238     
   2.8500000000001980E-005  0.54697309355343082     
   2.8600000000001996E-005  0.54515286737139645     
   2.8700000000002012E-005  0.54345295821252371     
   2.8800000000002028E-005  0.54185362101225409     
   2.8900000000002044E-005  0.54034580329280946     
   2.9000000000002060E-005  0.53893169146889763     
   2.9100000000002076E-005  0.53760056687917390     
   2.9200000000002092E-005  0.53635292141534641     
   2.9300000000002108E-005  0.53518060851692306     
   2.9400000000002124E-005  0.53407616268614588     
   2.9500000000002140E-005  0.53303458804980541     
   2.9600000000002156E-005  0.53205496336822700     
   2.9700000000002172E-005  0.53113852804138284     
   2.9800000000002188E-005  0.53027718288770775     
   2.9900000000002204E-005  0.52946890316028306     
   3.0000000000002220E-005  0.52871404480774298     
   3.0100000000002236E-005  0.52801338332916670     
   3.0200000000002252E-005  0.52736550353984002     
   3.0300000000002268E-005  0.52676684391522677     
   3.0400000000002284E-005  0.52621657339126160     
   3.0500000000002300E-005  0.52570557935989481     
   3.0600000000002316E-005  0.52523622340955423     
   3.0700000000002332E-005  0.52480224410470822     
   3.0800000000002348E-005  0.52440053630600336     
   3.0900000000002364E-005  0.52402702339337093     
   3.1000000000002380E-005  0.52367966892289797     
   3.1100000000002396E-005  0.52336296531462789     
   3.1200000000002412E-005  0.52307273529663423     
   3.1300000000002428E-005  0.52280125293005342     
   3.1400000000002444E-005  0.52254616579989877     
   3.1500000000002460E-005  0.52230380073016081     
   3.1600000000002476E-005  0.52207162986663969     
   3.1700000000002492E-005  0.52184555236148267     
   3.1800000000002508E-005  0.52162798078022576     
   3.1900000000002524E-005  0.52141939274084326     
   3.2000000000002540E-005  0.52121439076060450     
   3.2100000000002556E-005  0.52100886928028978     
   3.2200000000002572E-005  0.52080053129097226     
   3.2300000000002588E-005  0.52058937690414853     
   3.2400000000002604E-005  0.52037654943344414     
   3.2500000000002620E-005  0.52016373789737202     
   3.2600000000002636E-005  0.51994708516342458     
   3.2700000000002652E-005  0.51972134275717308     
   3.2800000000002668E-005  0.51949264321065480     
   3.2900000000002683E-005  0.51926361852660730     
   3.3000000000002699E-005  0.51903423366011581     
   3.3100000000002715E-005  0.51880329492470834     
   3.3200000000002731E-005  0.51857423293457072     
   3.3300000000002747E-005  0.51834308946535268     
   3.3400000000002763E-005  0.51811093372459260     
   3.3500000000002779E-005  0.51787546748539204     
   3.3600000000002795E-005  0.51763732894230607     
   3.3700000000002811E-005  0.51739929765864223     
   3.3800000000002827E-005  0.51716131133883636     
   3.3900000000002843E-005  0.51692243639498836     
   3.4000000000002859E-005  0.51668368929253750     
   3.4100000000002875E-005  0.51644473732658924     
   3.4200000000002891E-005  0.51620544405518221     
   3.4300000000002907E-005  0.51596240193588683     
   3.4400000000002923E-005  0.51572327426775955     
   3.4500000000002939E-005  0.51548820480741531     
   3.4600000000002955E-005  0.51525483417367834     
   3.4700000000002971E-005  0.51502204075307700     
   3.4800000000002987E-005  0.51479038114289832     
   3.4900000000003003E-005  0.51455544812100928     
   3.5000000000003019E-005  0.51431721749965176     
   3.5100000000003035E-005  0.51407699182275846     
   3.5200000000003051E-005  0.51383740601820960     
   3.5300000000003067E-005  0.51360192587481324     
   3.5400000000003083E-005  0.51337090340808389     
   3.5500000000003099E-005  0.51314587266710665     
   3.5600000000003115E-005  0.51292617621498060     
   3.5700000000003131E-005  0.51271209288030783     
   3.5800000000003147E-005  0.51250452603035335     
   3.5900000000003163E-005  0.51230407637967523     
   3.6000000000003179E-005  0.51211186971301292     
   3.6100000000003195E-005  0.51192741335907721     
   3.6200000000003211E-005  0.51174972929617513     
   3.6300000000003227E-005  0.51157973294909109     
   3.6400000000003243E-005  0.51141668308489630     
   3.6500000000003259E-005  0.51126010194231086     
   3.6600000000003275E-005  0.51111065026917413     
   3.6700000000003291E-005  0.51096644761060883     
   3.6800000000003307E-005  0.51083004387927444     
   3.6900000000003323E-005  0.51070154169885906     
   3.7000000000003339E-005  0.51057846630411519     
   3.7100000000003355E-005  0.51045871013762423     
   3.7200000000003371E-005  0.51033956723979323     
   3.7300000000003387E-005  0.51022380600747552     
   3.7400000000003403E-005  0.51011194380207159     
   3.7500000000003419E-005  0.51000563839381707     
   3.7600000000003435E-005  0.50990495934551128     
   3.7700000000003451E-005  0.50980972094241805     
   3.7800000000003467E-005  0.50972145939648850     
   3.7900000000003483E-005  0.50964147750908240     
   3.8000000000003499E-005  0.50956851097857658     
   3.8100000000003515E-005  0.50950131548650490     
   3.8200000000003531E-005  0.50944070538807462     
   3.8300000000003547E-005  0.50938475601904354     
   3.8400000000003563E-005  0.50932955350270004     
   3.8500000000003579E-005  0.50927648939106684     
   3.8600000000003595E-005  0.50922616695943601     
   3.8700000000003611E-005  0.50917897049286787     
   3.8800000000003627E-005  0.50913704946117100     
   3.8900000000003642E-005  0.50909747595920507     
   3.9000000000003658E-005  0.50905939269112177     
   3.9100000000003674E-005  0.50902489794719274     
   3.9200000000003690E-005  0.50899244812079714     
   3.9300000000003706E-005  0.50896412154810533     
   3.9400000000003722E-005  0.50894145600220919     
   3.9500000000003738E-005  0.50892528475805632     
   3.9600000000003754E-005  0.50891502376581321     
   3.9700000000003770E-005  0.50890931458726596     
   3.9800000000003786E-005  0.50890564717097486     
   3.9900000000003802E-005  0.50890323345013488     
   4.0000000000003818E-005  0.50890385108537539     
   4.0100000000003834E-005  0.50890686809985142     
   4.0200000000003850E-005  0.50891222878566678     
   4.0300000000003866E-005  0.50892023911397921     
   4.0400000000003882E-005  0.50893030086973723     
   4.0500000000003898E-005  0.50894259254791918     
   4.0600000000003914E-005  0.50895602765918868     
   4.0700000000003930E-005  0.50897085905954043     
   4.0800000000003946E-005  0.50898531299629246     
   4.0900000000003962E-005  0.50899999844264954     
   4.1000000000003978E-005  0.50901542197353467     
   4.1100000000003994E-005  0.50903265158933320     
   4.1200000000004010E-005  0.50905229341761760     
   4.1300000000004026E-005  0.50907161758991992     
   4.1400000000004042E-005  0.50909089446092037     
   4.1500000000004058E-005  0.50911295714279814     
   4.1600000000004074E-005  0.50913863554072503     
   4.1700000000004090E-005  0.50916796680609622     
   4.1800000000004106E-005  0.50920055077550597     
   4.1900000000004122E-005  0.50923343828956924     
   4.2000000000004138E-005  0.50926892334440288     
   4.2100000000004154E-005  0.50930566750955764     
   4.2200000000004170E-005  0.50934484172727523     
   4.2300000000004186E-005  0.50938629895533583     
   4.2400000000004202E-005  0.50943117711160357     
   4.2500000000004218E-005  0.50947856878600684     
   4.2600000000004234E-005  0.50952539276139863     
   4.2700000000004250E-005  0.50957423106561528     
   4.2800000000004266E-005  0.50962529815399804     
   4.2900000000004282E-005  0.50967819376263468     
   4.3000000000004298E-005  0.50973205708113889     
   4.3100000000004314E-005  0.50978827802508098     
   4.3200000000004330E-005  0.50984678636234826     
   4.3300000000004346E-005  0.50990629764708240     
   4.3400000000004362E-005  0.50996722514996717     
   4.3500000000004378E-005  0.51002864781724322     
   4.3600000000004394E-005  0.51009091129073891     
   4.3700000000004410E-005  0.51015421221478707     
   4.3800000000004426E-005  0.51021853809906126     
   4.3900000000004442E-005  0.51028228234114525     
   4.4000000000004458E-005  0.51034434747853064     
   4.4100000000004474E-005  0.51040643752883219     
   4.4200000000004490E-005  0.51046808890748752     
   4.4300000000004506E-005  0.51053069842618148     
   4.4400000000004522E-005  0.51059227250704375     
   4.4500000000004538E-005  0.51065225236455358     
   4.4600000000004554E-005  0.51071047440170259     
   4.4700000000004570E-005  0.51076823017745598     
   4.4800000000004586E-005  0.51082609964178749     
   4.4900000000004601E-005  0.51088422155089752     
   4.5000000000004617E-005  0.51094105398902523     
   4.5100000000004633E-005  0.51099598468819518     
   4.5200000000004649E-005  0.51104997007630837     
   4.5300000000004665E-005  0.51110264088778390     
   4.5400000000004681E-005  0.51115310781653600     
   4.5500000000004697E-005  0.51120115536579225     
   4.5600000000004713E-005  0.51124641621096711     
   4.5700000000004729E-005  0.51128648759342565     
   4.5800000000004745E-005  0.51132140246546798     
   4.5900000000004761E-005  0.51135065453253348     
   4.6000000000004777E-005  0.51137571618638766     
   4.6100000000004793E-005  0.51139737437892285     
   4.6200000000004809E-005  0.51141432347757032     
   4.6300000000004825E-005  0.51142579384339881     
   4.6400000000004841E-005  0.51143165780131528     
   4.6500000000004857E-005  0.51143029910130144     
   4.6600000000004873E-005  0.51142125829813490     
   4.6700000000004889E-005  0.51140555805278209     
   4.6800000000004905E-005  0.51138377619586961     
   4.6900000000004921E-005  0.51135564793928079     
   4.7000000000004937E-005  0.51132055338634319     
   4.7100000000004953E-005  0.51127846833462465     
   4.7200000000004969E-005  0.51122963506217889     
   4.7300000000004985E-005  0.51117379699451559     
   4.7400000000005001E-005  0.51111055826329999     
   4.7500000000005017E-005  0.51103911643721156     
   4.7600000000005033E-005  0.51095925640327489     
   4.7700000000005049E-005  0.51087097244795843     
   4.7800000000005065E-005  0.51077434418684398     
   4.7900000000005081E-005  0.51067068438292784     
   4.8000000000005097E-005  0.51055987530386016     
   4.8100000000005113E-005  0.51044104022167258     
   4.8200000000005129E-005  0.51031472228217134     
   4.8300000000005145E-005  0.51017987102129569     
   4.8400000000005161E-005  0.51003685108735175     
   4.8500000000005177E-005  0.50988567681124408     
   4.8600000000005193E-005  0.50972537275892738     
   4.8700000000005209E-005  0.50955414452304915     
   4.8800000000005225E-005  0.50937261804187484     
   4.8900000000005241E-005  0.50918093804517273     
   4.9000000000005257E-005  0.50897794963156928     
   4.9100000000005273E-005  0.50876636315083357     
   4.9200000000005289E-005  0.50854593187534725     
   4.9300000000005305E-005  0.50831658122612022     
   4.9400000000005321E-005  0.50807725433098727     
   4.9500000000005337E-005  0.50782717451298409     
   4.9600000000005353E-005  0.50756703586725938     
   4.9700000000005369E-005  0.50729608316331909     
   4.9800000000005385E-005  0.50701521957128803     
   4.9900000000005401E-005  0.50672598185386108     
   5.0000000000005417E-005  0.50642779305320684     
   5.0100000000005433E-005  0.50612127662517548     
   5.0200000000005449E-005  0.50580440339248589     
   5.0300000000005465E-005  0.50547869699510484     
   5.0400000000005481E-005  0.50514487924585572     
   5.0500000000005497E-005  0.50480160649861883     
   5.0600000000005513E-005  0.50444956119540718     
   5.0700000000005529E-005  0.50409000259494308     
   5.0800000000005544E-005  0.50372384114302371     
   5.0900000000005560E-005  0.50334870198159098     
   5.1000000000005576E-005  0.50296724160639439     
   5.1100000000005592E-005  0.50258009705395446     
   5.1200000000005608E-005  0.50218583437909725     
   5.1300000000005624E-005  0.50178556089471926     
   5.1400000000005640E-005  0.50137938775931645     
   5.1500000000005656E-005  0.50096857135465633     
   5.1600000000005672E-005  0.50055311429569294     
   5.1700000000005688E-005  0.50013322162905249     
   5.1800000000005704E-005  0.49970850472018458     
   5.1900000000005720E-005  0.49927829640115839     
   5.2000000000005736E-005  0.49884305461666478     
   5.2100000000005752E-005  0.49840363539895133     
   5.2200000000005768E-005  0.49796093595017427     
   5.2300000000005784E-005  0.49751582368624431     
   5.2400000000005800E-005  0.49706821657628425     
   5.2500000000005816E-005  0.49661760580211628     
   5.2600000000005832E-005  0.49616382872610637     
   5.2700000000005848E-005  0.49570812333689718     
   5.2800000000005864E-005  0.49524987032123735     
   5.2900000000005880E-005  0.49479014020521461     
   5.3000000000005896E-005  0.49432843191237869     
   5.3100000000005912E-005  0.49386450049319192     
   5.3200000000005928E-005  0.49340032583748322     
   5.3300000000005944E-005  0.49293527486603228     
   5.3400000000005960E-005  0.49246975071204074     
   5.3500000000005976E-005  0.49200313108256583     
   5.3600000000005992E-005  0.49153537326899704     
   5.3700000000006008E-005  0.49106740737028459     
   5.3800000000006024E-005  0.49060043161680672     
   5.3900000000006040E-005  0.49013411057070233     
   5.4000000000006056E-005  0.48966808301376363     
   5.4100000000006072E-005  0.48920314974776846     
   5.4200000000006088E-005  0.48874025717579334     
   5.4300000000006104E-005  0.48828012630424300     
   5.4400000000006120E-005  0.48782225367877452     
   5.4500000000006136E-005  0.48736685114808054     
   5.4600000000006152E-005  0.48691489387001341     
   5.4700000000006168E-005  0.48646734702203326     
   5.4800000000006184E-005  0.48602483162964644     
   5.4900000000006200E-005  0.48558777454748642     
   5.5000000000006216E-005  0.48515637266142497     
   5.5100000000006232E-005  0.48473023271002119     
   5.5200000000006248E-005  0.48430969586146000     
   5.5300000000006264E-005  0.48389454264240839     
   5.5400000000006280E-005  0.48348611021568710     
   5.5500000000006296E-005  0.48308440620673271     
   5.5600000000006312E-005  0.48268806768651307     
   5.5700000000006328E-005  0.48229830556137587     
   5.5800000000006344E-005  0.48191429233279465     
   5.5900000000006360E-005  0.48153564920390363     
   5.6000000000006376E-005  0.48116301277721957     
   5.6100000000006392E-005  0.48079648464514962     
   5.6200000000006408E-005  0.48043522598155552     
   5.6300000000006424E-005  0.48007933994995650     
   5.6400000000006440E-005  0.47972943174891758     
   5.6500000000006456E-005  0.47938517501523736     
   5.6600000000006472E-005  0.47904665163041088     
   5.6700000000006488E-005  0.47871350751486813     
   5.6800000000006503E-005  0.47838638099205277     
   5.6900000000006519E-005  0.47806413575582546     
   5.7000000000006535E-005  0.47774680888692056     
   5.7100000000006551E-005  0.47743409762849354     
   5.7200000000006567E-005  0.47712666318987523     
   5.7300000000006583E-005  0.47682472847180146     
   5.7400000000006599E-005  0.47652821648810223     
   5.7500000000006615E-005  0.47623612987852143     
   5.7600000000006631E-005  0.47594986145916568     
   5.7700000000006647E-005  0.47567092070048844     
   5.7800000000006663E-005  0.47539780840360818     
   5.7900000000006679E-005  0.47513082450892941     
   5.8000000000006695E-005  0.47486971177832471     
   5.8100000000006711E-005  0.47461273872628207     
   5.8200000000006727E-005  0.47436028688979665     
   5.8300000000006743E-005  0.47411304673764115     
   5.8400000000006759E-005  0.47387109231229374     
   5.8500000000006775E-005  0.47363353198455549     
   5.8600000000006791E-005  0.47340042622375744     
   5.8700000000006807E-005  0.47317211200237447     
   5.8800000000006823E-005  0.47294929859436963     
   5.8900000000006839E-005  0.47273213362685551     
   5.9000000000006855E-005  0.47252159903352248     
   5.9100000000006871E-005  0.47231720926948362     
   5.9200000000006887E-005  0.47211630724608511     
   5.9300000000006903E-005  0.47192119060258414     
   5.9400000000006919E-005  0.47173216304121873     
   5.9500000000006935E-005  0.47154829550771510     
   5.9600000000006951E-005  0.47136950117872772     
   5.9700000000006967E-005  0.47119529694038087     
   5.9800000000006983E-005  0.47102522285827952     
   5.9900000000006999E-005  0.47085957187472072     
   6.0000000000007015E-005  0.47069757978573634     
   6.0100000000007031E-005  0.47054003064552197     
   6.0200000000007047E-005  0.47038734853120634     
   6.0300000000007063E-005  0.47023947151359591     
   6.0400000000007079E-005  0.47009596523307662     
   6.0500000000007095E-005  0.46995788073229450     
   6.0600000000007111E-005  0.46982551504339182     
   6.0700000000007127E-005  0.46969815207736759     
   6.0800000000007143E-005  0.46957573718366796     
   6.0900000000007159E-005  0.46945810504582902     
   6.1000000000007175E-005  0.46934591277569476     
   6.1100000000007150E-005  0.46923912931144202     
   6.1200000000007098E-005  0.46913765933343027     
   6.1300000000007047E-005  0.46904096320539035     
   6.1400000000006995E-005  0.46894908444159333     
   6.1500000000006943E-005  0.46886239454398049     
   6.1600000000006891E-005  0.46878027613999040     
   6.1700000000006839E-005  0.46870187916809958     
   6.1800000000006788E-005  0.46862725527776344     
   6.1900000000006736E-005  0.46855700330281153     
   6.2000000000006684E-005  0.46849154387477648     
   6.2100000000006632E-005  0.46843055514245863     
   6.2200000000006581E-005  0.46837290950256638     
   6.2300000000006529E-005  0.46831752700896667     
   6.2400000000006477E-005  0.46826595888872175     
   6.2500000000006425E-005  0.46821826429052543     
   6.2600000000006373E-005  0.46817360997849788     
   6.2700000000006322E-005  0.46813184261213664     
   6.2800000000006270E-005  0.46809329381183507     
   6.2900000000006218E-005  0.46805713359574935     
   6.3000000000006166E-005  0.46802288701309314     
   6.3100000000006115E-005  0.46799119008592482     
   6.3200000000006063E-005  0.46796212686899341     
   6.3300000000006011E-005  0.46793580086138825     
   6.3400000000005959E-005  0.46791178121301846     
   6.3500000000005907E-005  0.46788929799365758     
   6.3600000000005856E-005  0.46786764523898783     
   6.3700000000005804E-005  0.46784743361923686     
   6.3800000000005752E-005  0.46782865164984777     
   6.3900000000005700E-005  0.46781115263854195     
   6.4000000000005649E-005  0.46779518151400029     
   6.4100000000005597E-005  0.46778057579294979     
   6.4200000000005545E-005  0.46776691786305447     
   6.4300000000005493E-005  0.46775433477436784     
   6.4400000000005441E-005  0.46774194157915167     
   6.4500000000005390E-005  0.46773058257882838     
   6.4600000000005338E-005  0.46772001771550259     
   6.4700000000005286E-005  0.46771046616617573     
   6.4800000000005234E-005  0.46770186769215560     
   6.4900000000005182E-005  0.46769403042186392     
   6.5000000000005131E-005  0.46768587950849105     
   6.5100000000005079E-005  0.46767784081161956     
   6.5200000000005027E-005  0.46767022842444367     
   6.5300000000004975E-005  0.46766275138370778     
   6.5400000000004924E-005  0.46765554314391355     
   6.5500000000004872E-005  0.46764829033057237     
   6.5600000000004820E-005  0.46764120165326634     
   6.5700000000004768E-005  0.46763472300045250     
   6.5800000000004716E-005  0.46762927965365048     
   6.5900000000004665E-005  0.46762407972487602     
   6.6000000000004613E-005  0.46761904302751245     
   6.6100000000004561E-005  0.46761420151070737     
   6.6200000000004509E-005  0.46760994977570103     
   6.6300000000004458E-005  0.46760635811019041     
   6.6400000000004406E-005  0.46760296257758954     
   6.6500000000004354E-005  0.46759954037539742     
   6.6600000000004302E-005  0.46759599130881696     
   6.6700000000004250E-005  0.46759233511395215     
   6.6800000000004199E-005  0.46758816401157316     
   6.6900000000004147E-005  0.46758282623860925     
   6.7000000000004095E-005  0.46757648565927556     
   6.7100000000004043E-005  0.46756983718933520     
   6.7200000000003992E-005  0.46756268164190029     
   6.7300000000003940E-005  0.46755453894818566     
   6.7400000000003888E-005  0.46754611039086330     
   6.7500000000003836E-005  0.46753744928532509     
   6.7600000000003784E-005  0.46752863849378967     
   6.7700000000003733E-005  0.46751990728770998     
   6.7800000000003681E-005  0.46751175775781184     
   6.7900000000003629E-005  0.46750374875510725     
   6.8000000000003577E-005  0.46749598364776279     
   6.8100000000003526E-005  0.46748868167001922     
   6.8200000000003474E-005  0.46748188693844961     
   6.8300000000003422E-005  0.46747534845204780     
   6.8400000000003370E-005  0.46746852235592318     
   6.8500000000003318E-005  0.46746117228848222     
   6.8600000000003267E-005  0.46745286724605545     
   6.8700000000003215E-005  0.46744333951465805     
   6.8800000000003163E-005  0.46743227585845321     
   6.8900000000003111E-005  0.46741984848421592     
   6.9000000000003060E-005  0.46740590829287904     
   6.9100000000003008E-005  0.46739037391503030     
   6.9200000000002956E-005  0.46737395530104542     
   6.9300000000002904E-005  0.46735693736528822     
   6.9400000000002852E-005  0.46733891299717811     
   6.9500000000002801E-005  0.46731998593235136     
   6.9600000000002749E-005  0.46729997548550889     
   6.9700000000002697E-005  0.46727935805947235     
   6.9800000000002645E-005  0.46725817598532321     
   6.9900000000002594E-005  0.46723587752726425     
   7.0000000000002542E-005  0.46721269650550817     
   7.0100000000002490E-005  0.46718898808950965     
   7.0200000000002438E-005  0.46716437544020134     
   7.0300000000002386E-005  0.46713931753368565     
   7.0400000000002335E-005  0.46711396345780654     
   7.0500000000002283E-005  0.46708715992694333     
   7.0600000000002231E-005  0.46705959792499790     
   7.0700000000002179E-005  0.46703185178257578     
   7.0800000000002128E-005  0.46700364236423153     
   7.0900000000002076E-005  0.46697491577500921     
   7.1000000000002024E-005  0.46694615509926152     
   7.1100000000001972E-005  0.46691714729154948     
   7.1200000000001920E-005  0.46688786727544218     
   7.1300000000001869E-005  0.46685887962017775     
   7.1400000000001817E-005  0.46682987801317422     
   7.1500000000001765E-005  0.46680040752420576     
   7.1600000000001713E-005  0.46677032517713335     
   7.1700000000001661E-005  0.46673965682272595     
   7.1800000000001610E-005  0.46670817405347648     
   7.1900000000001558E-005  0.46667602131491437     
   7.2000000000001506E-005  0.46664350909899810     
   7.2100000000001454E-005  0.46661051930649394     
   7.2200000000001403E-005  0.46657712267458373     
   7.2300000000001351E-005  0.46654315316639605     
   7.2400000000001299E-005  0.46650854670789382     
   7.2500000000001247E-005  0.46647362255562641     
   7.2600000000001195E-005  0.46643864210494035     
   7.2700000000001144E-005  0.46640363873272811     
   7.2800000000001092E-005  0.46636841799269324     
   7.2900000000001040E-005  0.46633318683898389     
   7.3000000000000988E-005  0.46629757999409982     
   7.3100000000000937E-005  0.46626143523966090     
   7.3200000000000885E-005  0.46622392797156387     
   7.3300000000000833E-005  0.46618397275732837     
   7.3400000000000781E-005  0.46614401425772978     
   7.3500000000000729E-005  0.46610346883326353     
   7.3600000000000678E-005  0.46606192228158067     
   7.3700000000000626E-005  0.46601880378558630     
   7.3800000000000574E-005  0.46597470249793094     
   7.3900000000000522E-005  0.46593009193110091     
   7.4000000000000471E-005  0.46588500212763262     
   7.4100000000000419E-005  0.46583916140134346     
   7.4200000000000367E-005  0.46579242819338446     
   7.4300000000000315E-005  0.46574467848254125     
   7.4400000000000263E-005  0.46569557639427428     
   7.4500000000000212E-005  0.46564505012587343     
   7.4600000000000160E-005  0.46559386326351410     
   7.4700000000000108E-005  0.46554202141726359     
   7.4800000000000056E-005  0.46548922466693393     
   7.4900000000000005E-005  0.46543558162240417     
   7.4999999999999953E-005  0.46538124202813952     
   7.5099999999999901E-005  0.46532639838279377     
   7.5199999999999849E-005  0.46527119446567999     
   7.5299999999999797E-005  0.46521555243626300     
   7.5399999999999746E-005  0.46515915058604940     
   7.5499999999999694E-005  0.46510223577416876     
   7.5599999999999642E-005  0.46504509440581543     
   7.5699999999999590E-005  0.46498741489908790     
   7.5799999999999539E-005  0.46492940545436867     
   7.5899999999999487E-005  0.46487127554827956     
   7.5999999999999435E-005  0.46481251740874979     
   7.6099999999999383E-005  0.46475358145066220     
   7.6199999999999331E-005  0.46469483351632307     
   7.6299999999999280E-005  0.46463596465047713     
   7.6399999999999228E-005  0.46457680713562138     
   7.6499999999999176E-005  0.46451727378747598     
   7.6599999999999124E-005  0.46445687994805424     
   7.6699999999999073E-005  0.46439589367745787     
   7.6799999999999021E-005  0.46433393890505442     
   7.6899999999998969E-005  0.46426955832622219     
   7.6999999999998917E-005  0.46420450431726629     
   7.7099999999998865E-005  0.46413889797034186     
   7.7199999999998814E-005  0.46407318541512532     
   7.7299999999998762E-005  0.46400719619053254     
   7.7399999999998710E-005  0.46394139330940642     
   7.7499999999998658E-005  0.46387499116339437     
   7.7599999999998607E-005  0.46380830171609067     
   7.7699999999998555E-005  0.46374137364506202     
   7.7799999999998503E-005  0.46367349131133762     
   7.7899999999998451E-005  0.46360490083655159     
   7.7999999999998399E-005  0.46353634939575389     
   7.8099999999998348E-005  0.46346788121249455     
   7.8199999999998296E-005  0.46339960864489171     
   7.8299999999998244E-005  0.46333125174217954     
   7.8399999999998192E-005  0.46326314623372877     
   7.8499999999998140E-005  0.46319525884978652     
   7.8599999999998089E-005  0.46312774492060577     
   7.8699999999998037E-005  0.46306031453941804     
   7.8799999999997985E-005  0.46299306351291303     
   7.8899999999997933E-005  0.46292602728124499     
   7.8999999999997882E-005  0.46285882848728804     
   7.9099999999997830E-005  0.46279093456124254     
   7.9199999999997778E-005  0.46272233333952406     
   7.9299999999997726E-005  0.46265328999576660     
   7.9399999999997674E-005  0.46258417704316118     
   7.9499999999997623E-005  0.46251500121424055     
   7.9599999999997571E-005  0.46244597628955569     
   7.9699999999997519E-005  0.46237684970318116     
   7.9799999999997467E-005  0.46230791217281575     
   7.9899999999997416E-005  0.46223907254712582     
   7.9999999999997364E-005  0.46216871737597393     
   8.0099999999997312E-005  0.46209838705357303     
   8.0199999999997260E-005  0.46202816856180834     
   8.0299999999997208E-005  0.46195801791341118     
   8.0399999999997157E-005  0.46188825766605296     
   8.0499999999997105E-005  0.46181876157949597     
   8.0599999999997053E-005  0.46174952640409844     
   8.0699999999997001E-005  0.46168004838549359     
   8.0799999999996950E-005  0.46161043966400178     
   8.0899999999996898E-005  0.46154053317287480     
   8.0999999999996846E-005  0.46147018962091357     
   8.1099999999996794E-005  0.46139955401968069     
   8.1199999999996742E-005  0.46132884334213869     
   8.1299999999996691E-005  0.46125793301233053     
   8.1399999999996639E-005  0.46118648710048676     
   8.1499999999996587E-005  0.46111475795240264     
   8.1599999999996535E-005  0.46104293489533388     
   8.1699999999996484E-005  0.46097141206280789     
   8.1799999999996432E-005  0.46090009728299525     
   8.1899999999996380E-005  0.46082908272653089     
   8.1999999999996328E-005  0.46075799570203513     
   8.2099999999996276E-005  0.46068661518128085     
   8.2199999999996225E-005  0.46061424520404987     
   8.2299999999996173E-005  0.46054131014266614     
   8.2399999999996121E-005  0.46046767283574952     
   8.2499999999996069E-005  0.46039267865441225     
   8.2599999999996018E-005  0.46031566774775762     
   8.2699999999995966E-005  0.46023875731223812     
   8.2799999999995914E-005  0.46016242366605187     
   8.2899999999995862E-005  0.46008634024050743     
   8.2999999999995810E-005  0.46001077426445863     
   8.3099999999995759E-005  0.45993410478655122     
   8.3199999999995707E-005  0.45985662725922843     
   8.3299999999995655E-005  0.45977837205188177     
   8.3399999999995603E-005  0.45970004759543481     
   8.3499999999995552E-005  0.45962157976832679     
   8.3599999999995500E-005  0.45954332249704954     
   8.3699999999995448E-005  0.45946508750878240     
   8.3799999999995396E-005  0.45938650345128307     
   8.3899999999995344E-005  0.45930783499396427     
   8.3999999999995293E-005  0.45922892933386672     
   8.4099999999995241E-005  0.45914974118105711     
   8.4199999999995189E-005  0.45907065764701643     
   8.4299999999995137E-005  0.45899156210690134     
   8.4399999999995086E-005  0.45891281787046651     
   8.4499999999995034E-005  0.45883484369786098     
   8.4599999999994982E-005  0.45875750858209619     
   8.4699999999994930E-005  0.45868055575741917     
   8.4799999999994878E-005  0.45860408590523716     
   8.4899999999994827E-005  0.45852798122686789     
   8.4999999999994775E-005  0.45845269428270630     
   8.5099999999994723E-005  0.45837796719436225     
   8.5199999999994671E-005  0.45830346176713066     
   8.5299999999994619E-005  0.45822896379245859     
   8.5399999999994568E-005  0.45815437830897543     
   8.5499999999994516E-005  0.45808028095278935     
   8.5599999999994464E-005  0.45800670956300737     
   8.5699999999994412E-005  0.45793260213888198     
   8.5799999999994361E-005  0.45785853004170013     
   8.5899999999994309E-005  0.45778439028704160     
   8.5999999999994257E-005  0.45771072851514089     
   8.6099999999994205E-005  0.45763755253014760     
   8.6199999999994153E-005  0.45756495862700103     
   8.6299999999994102E-005  0.45749289198269116     
   8.6399999999994050E-005  0.45742142105342293     
   8.6499999999993998E-005  0.45735091125648558     
   8.6599999999993946E-005  0.45728128222812459     
   8.6699999999993895E-005  0.45721208359091220     
   8.6799999999993843E-005  0.45714325781972093     
   8.6899999999993791E-005  0.45707506630830480     
   8.6999999999993739E-005  0.45700765725404524     
   8.7099999999993687E-005  0.45694071052382140     
   8.7199999999993636E-005  0.45687403435250296     
   8.7299999999993584E-005  0.45680773720430645     
   8.7399999999993532E-005  0.45674202495342853     
   8.7499999999993480E-005  0.45667681215417150     
   8.7599999999993429E-005  0.45661240247539270     
   8.7699999999993377E-005  0.45654820091527298     
   8.7799999999993325E-005  0.45648410283035157     
   8.7899999999993273E-005  0.45642011624355794     
   8.7999999999993221E-005  0.45635676579484280     
   8.8099999999993170E-005  0.45629392141243003     
   8.8199999999993118E-005  0.45623144480388195     
   8.8299999999993066E-005  0.45616932788443787     
   8.8399999999993014E-005  0.45610765978020928     
   8.8499999999992963E-005  0.45604668154154976     
   8.8599999999992911E-005  0.45598656949528821     
   8.8699999999992859E-005  0.45592697966575935     
   8.8799999999992807E-005  0.45586785761183279     
   8.8899999999992755E-005  0.45580941582582579     
   8.8999999999992704E-005  0.45575132175096222     
   8.9099999999992652E-005  0.45569306628073702     
   8.9199999999992600E-005  0.45563474795780573     
   8.9299999999992548E-005  0.45557622871809511     
   8.9399999999992497E-005  0.45551745277274858     
   8.9499999999992445E-005  0.45545883879817139     
   8.9599999999992393E-005  0.45540037105721448     
   8.9699999999992341E-005  0.45534167699381423     
   8.9799999999992289E-005  0.45528289351677470     
   8.9899999999992238E-005  0.45522426546541067     
   8.9999999999992186E-005  0.45516604682921241     
   9.0099999999992134E-005  0.45510824296215130     
   9.0199999999992082E-005  0.45505056997376087     
   9.0299999999992031E-005  0.45499314781263289     
   9.0399999999991979E-005  0.45493600359987646     
   9.0499999999991927E-005  0.45487899134928683     
   9.0599999999991875E-005  0.45482171992392184     
   9.0699999999991823E-005  0.45476457954535787     
   9.0799999999991772E-005  0.45470783961832023     
   9.0899999999991720E-005  0.45465093260026468     
   9.0999999999991668E-005  0.45459428953976727     
   9.1099999999991616E-005  0.45453793483883570     
   9.1199999999991565E-005  0.45448206481395076     
   9.1299999999991513E-005  0.45442687132718840     
   9.1399999999991461E-005  0.45437211523805909     
   9.1499999999991409E-005  0.45431758178946241     
   9.1599999999991357E-005  0.45426336771840448     
   9.1699999999991306E-005  0.45420939703707475     
   9.1799999999991254E-005  0.45415554142215547     
   9.1899999999991202E-005  0.45410188016410558     
   9.1999999999991150E-005  0.45404849637295930     
   9.2099999999991098E-005  0.45399529161628943     
   9.2199999999991047E-005  0.45394216009517885     
   9.2299999999990995E-005  0.45388836255009996     
   9.2399999999990943E-005  0.45383386274561510     
   9.2499999999990891E-005  0.45377929668519523     
   9.2599999999990840E-005  0.45372510486445072     
   9.2699999999990788E-005  0.45367097516241761     
   9.2799999999990736E-005  0.45361674565929860     
   9.2899999999990684E-005  0.45356282778101292     
   9.2999999999990632E-005  0.45350910837877090     
   9.3099999999990581E-005  0.45345518448901267     
   9.3199999999990529E-005  0.45340131064618061     
   9.3299999999990477E-005  0.45334755294158335     
   9.3399999999990425E-005  0.45329421672143350     
   9.3499999999990374E-005  0.45324099118506034     
   9.3599999999990322E-005  0.45318767033376300     
   9.3699999999990270E-005  0.45313454976883960     
   9.3799999999990218E-005  0.45308194951582892     
   9.3899999999990166E-005  0.45302967872274380     
   9.3999999999990115E-005  0.45297747628593205     
   9.4099999999990063E-005  0.45292541997562874     
   9.4199999999990011E-005  0.45287347909540365     
   9.4299999999989959E-005  0.45282191924795456     
   9.4399999999989908E-005  0.45277039683237463     
   9.4499999999989856E-005  0.45271910300874391     
   9.4599999999989804E-005  0.45266795016355077     
   9.4699999999989752E-005  0.45261683006809950     
   9.4799999999989700E-005  0.45256583367931486     
   9.4899999999989649E-005  0.45251531005842910     
   9.4999999999989597E-005  0.45246519940385999     
   9.5099999999989545E-005  0.45241521674651086     
   9.5199999999989493E-005  0.45236561588964336     
   9.5299999999989442E-005  0.45231629499528936     
   9.5399999999989390E-005  0.45226712418355780     
   9.5499999999989338E-005  0.45221815754007094     
   9.5599999999989286E-005  0.45216953574633573     
   9.5699999999989234E-005  0.45212129872122758     
   9.5799999999989183E-005  0.45207377394014125     
   9.5899999999989131E-005  0.45202673103189395     
   9.5999999999989079E-005  0.45197994323251089     
   9.6099999999989027E-005  0.45193376128201906     
   9.6199999999988976E-005  0.45188800519092948     
   9.6299999999988924E-005  0.45184234734777151     
   9.6399999999988872E-005  0.45179701384689958     
   9.6499999999988820E-005  0.45175191180654922     
   9.6599999999988768E-005  0.45170712377410027     
   9.6699999999988717E-005  0.45166281480971904     
   9.6799999999988665E-005  0.45161880522090636     
   9.6899999999988613E-005  0.45157519258818107     
   9.6999999999988561E-005  0.45153193862364016     
   9.7099999999988510E-005  0.45148922495736082     
   9.7199999999988458E-005  0.45144711353471234     
   9.7299999999988406E-005  0.45140530639048432     
   9.7399999999988354E-005  0.45136375666776607     
   9.7499999999988302E-005  0.45132261993248557     
   9.7599999999988251E-005  0.45128207517058033     
   9.7699999999988199E-005  0.45124175498056696     
   9.7799999999988147E-005  0.45120147097806595     
   9.7899999999988095E-005  0.45116119969267693     
   9.7999999999988044E-005  0.45112076008659024     
   9.8099999999987992E-005  0.45108022672036135     
   9.8199999999987940E-005  0.45103954608990415     
   9.8299999999987888E-005  0.45099926143980129     
   9.8399999999987836E-005  0.45095914917523477     
   9.8499999999987785E-005  0.45091903994242666     
   9.8599999999987733E-005  0.45087921419702459     
   9.8699999999987681E-005  0.45083951693265167     
   9.8799999999987629E-005  0.45079985154167707     
   9.8899999999987577E-005  0.45076069399446878     
   9.8999999999987526E-005  0.45072190276108576     
   9.9099999999987474E-005  0.45068372059379769     
   9.9199999999987422E-005  0.45064593649532725     
   9.9299999999987370E-005  0.45060819811039116     
   9.9399999999987319E-005  0.45057034630126369     
   9.9499999999987267E-005  0.45053265791328023     
   9.9599999999987215E-005  0.45049538086678964     
   9.9699999999987163E-005  0.45045832444630779     
   9.9799999999987111E-005  0.45042142261976131     
   9.9899999999987060E-005  0.45038458573499784     
   9.9999999999987008E-005  0.45034760102428290     
   1.0009999999998696E-004  0.45031043416649513     
   1.0019999999998690E-004  0.45027345748367908     
   1.0029999999998685E-004  0.45023661390012820     
   1.0039999999998680E-004  0.45019980510827290     
   1.0049999999998675E-004  0.45016334970531641     
   1.0059999999998670E-004  0.45012730291463743     
   1.0069999999998665E-004  0.45009136140001238     
   1.0079999999998659E-004  0.45005568490346837     
   1.0089999999998654E-004  0.45002046069308921     
   1.0099999999998649E-004  0.44998564409449487     
   1.0109999999998644E-004  0.44995127116817107     
   1.0119999999998639E-004  0.44991697555877525     
   1.0129999999998633E-004  0.44988255118141213     
   1.0139999999998628E-004  0.44984822486344256     
   1.0149999999998623E-004  0.44981392297349859     
   1.0159999999998618E-004  0.44977956050682927     
   1.0169999999998613E-004  0.44974489241570076     
   1.0179999999998608E-004  0.44970994895998068     
   1.0189999999998602E-004  0.44967474533515495     
   1.0199999999998597E-004  0.44963941997754869     
   1.0209999999998592E-004  0.44960401799694250     
   1.0219999999998587E-004  0.44956886646260447     
   1.0229999999998582E-004  0.44953382693411004     
   1.0239999999998577E-004  0.44949859465168568     
   1.0249999999998571E-004  0.44946343250528509     
   1.0259999999998566E-004  0.44942834027575584     
   1.0269999999998561E-004  0.44939325593366924     
   1.0279999999998556E-004  0.44935802914988521     
   1.0289999999998551E-004  0.44932268320043056     
   1.0299999999998545E-004  0.44928695588677492     
   1.0309999999998540E-004  0.44925088140451824     
   1.0319999999998535E-004  0.44921466832491014     
   1.0329999999998530E-004  0.44917816228787066     
   1.0339999999998525E-004  0.44914140516917278     
   1.0349999999998520E-004  0.44910462953890873     
   1.0359999999998514E-004  0.44906758036114008     
   1.0369999999998509E-004  0.44903043086439581     
   1.0379999999998504E-004  0.44899333943057668     
   1.0389999999998499E-004  0.44895637526492388     
   1.0399999999998494E-004  0.44891937491613482     
   1.0409999999998488E-004  0.44888233996238758     
   1.0419999999998483E-004  0.44884510111207215     
   1.0429999999998478E-004  0.44880772827338794     
   1.0439999999998473E-004  0.44877049512771927     
   1.0449999999998468E-004  0.44873341715137843     
   1.0459999999998463E-004  0.44869650098256419     
   1.0469999999998457E-004  0.44865960195452714     
   1.0479999999998452E-004  0.44862258562287027     
   1.0489999999998447E-004  0.44858558010448374     
   1.0499999999998442E-004  0.44854830009870594     
   1.0509999999998437E-004  0.44851096190324102     
   1.0519999999998432E-004  0.44847355889614660     
   1.0529999999998426E-004  0.44843620568104370     
   1.0539999999998421E-004  0.44839885121279233     
   1.0549999999998416E-004  0.44836131473059176     
   1.0559999999998411E-004  0.44832374271769138     
   1.0569999999998406E-004  0.44828639238877271     
   1.0579999999998400E-004  0.44824925257288295     
   1.0589999999998395E-004  0.44821246558026895     
   1.0599999999998390E-004  0.44817562732672556     
   1.0609999999998385E-004  0.44813868249906558     
   1.0619999999998380E-004  0.44810159256290027     
   1.0629999999998375E-004  0.44806457979320152     
   1.0639999999998369E-004  0.44802764936562306     
   1.0649999999998364E-004  0.44799091451123590     
   1.0659999999998359E-004  0.44795447770375663     
   1.0669999999998354E-004  0.44791827234099019     
   1.0679999999998349E-004  0.44788219032845816     
   1.0689999999998344E-004  0.44784636308109649     
   1.0699999999998338E-004  0.44781082102647529     
   1.0709999999998333E-004  0.44777540122070492     
   1.0719999999998328E-004  0.44773987340138044     
   1.0729999999998323E-004  0.44770425876462994     
   1.0739999999998318E-004  0.44766903554934728     
   1.0749999999998312E-004  0.44763408835739921     
   1.0759999999998307E-004  0.44759954429331622     
   1.0769999999998302E-004  0.44756537894734127     
   1.0779999999998297E-004  0.44753145879201439     
   1.0789999999998292E-004  0.44749763393143671     
   1.0799999999998287E-004  0.44746389911616696     
   1.0809999999998281E-004  0.44743010578389347     
   1.0819999999998276E-004  0.44739649628426925     
   1.0829999999998271E-004  0.44736318632285865     
   1.0839999999998266E-004  0.44732991237163894     
   1.0849999999998261E-004  0.44729650417140698     
   1.0859999999998255E-004  0.44726231086731300     
   1.0869999999998250E-004  0.44722800909796773     
   1.0879999999998245E-004  0.44719372599134649     
   1.0889999999998240E-004  0.44715959129451183     
   1.0899999999998235E-004  0.44712540965362607     
   1.0909999999998230E-004  0.44709109730048019     
   1.0919999999998224E-004  0.44705664216915425     
   1.0929999999998219E-004  0.44702218239881947     
   1.0939999999998214E-004  0.44698777564131359     
   1.0949999999998209E-004  0.44695340287878643     
   1.0959999999998204E-004  0.44691897520144797     
   1.0969999999998199E-004  0.44688468983707375     
   1.0979999999998193E-004  0.44685059065012755     
   1.0989999999998188E-004  0.44681656755457339     
   1.0999999999998183E-004  0.44678274411309116     
   1.1009999999998178E-004  0.44674913502048269     
   1.1019999999998173E-004  0.44671563282007515     
   1.1029999999998167E-004  0.44668235085575630     
   1.1039999999998162E-004  0.44664928419081357     
   1.1049999999998157E-004  0.44661651961738519     
   1.1059999999998152E-004  0.44658399974431412     
   1.1069999999998147E-004  0.44655150526598691     
   1.1079999999998142E-004  0.44651897201859170     
   1.1089999999998136E-004  0.44648675175731861     
   1.1099999999998131E-004  0.44645475382446448     
   1.1109999999998126E-004  0.44642281942313677     
   1.1119999999998121E-004  0.44639095870410223     
   1.1129999999998116E-004  0.44635911254912053     
   1.1139999999998111E-004  0.44632715541716078     
   1.1149999999998105E-004  0.44629537838411304     
   1.1159999999998100E-004  0.44626373735827685     
   1.1169999999998095E-004  0.44623201783320082     
   1.1179999999998090E-004  0.44619996210414287     
   1.1189999999998085E-004  0.44616783394477899     
   1.1199999999998079E-004  0.44613613385901990     
   1.1209999999998074E-004  0.44610485963322455     
   1.1219999999998069E-004  0.44607375310713482     
   1.1229999999998064E-004  0.44604264836328744     
   1.1239999999998059E-004  0.44601189963855437     
   1.1249999999998054E-004  0.44598162908561545     
   1.1259999999998048E-004  0.44595185614766619     
   1.1269999999998043E-004  0.44592250516892379     
   1.1279999999998038E-004  0.44589380018788355     
   1.1289999999998033E-004  0.44586534370104497     
   1.1299999999998028E-004  0.44583699866924714     
   1.1309999999998022E-004  0.44580896072114329     
   1.1319999999998017E-004  0.44578096536605960     
   1.1329999999998012E-004  0.44575295362792666     
   1.1339999999998007E-004  0.44572525076043951     
   1.1349999999998002E-004  0.44569792377878831     
   1.1359999999997997E-004  0.44567070568382322     
   1.1369999999997991E-004  0.44564382247854445     
   1.1379999999997986E-004  0.44561724084284554     
   1.1389999999997981E-004  0.44559115452699827     
   1.1399999999997976E-004  0.44556552079015438     
   1.1409999999997971E-004  0.44554008304326709     
   1.1419999999997966E-004  0.44551485794251550     
   1.1429999999997960E-004  0.44548972744471155     
   1.1439999999997955E-004  0.44546485365455907     
   1.1449999999997950E-004  0.44544031592597771     
   1.1459999999997945E-004  0.44541586266060779     
   1.1469999999997940E-004  0.44539151052290998     
   1.1479999999997934E-004  0.44536736062106080     
   1.1489999999997929E-004  0.44534354984645985     
   1.1499999999997924E-004  0.44532003882286275     
   1.1509999999997919E-004  0.44529666683841240     
   1.1519999999997914E-004  0.44527347663461242     
   1.1529999999997909E-004  0.44525054284974330     
   1.1539999999997903E-004  0.44522761454306747     
   1.1549999999997898E-004  0.44520473173016067     
   1.1559999999997893E-004  0.44518192113783323     
   1.1569999999997888E-004  0.44515941426342387     
   1.1579999999997883E-004  0.44513716377561130     
   1.1589999999997877E-004  0.44511428386496599     
   1.1599999999997872E-004  0.44509151989745843     
   1.1609999999997867E-004  0.44506887328410044     
   1.1619999999997862E-004  0.44504620635049802     
   1.1629999999997857E-004  0.44502304640319174     
   1.1639999999997852E-004  0.44499963818503069     
   1.1649999999997846E-004  0.44497621977316332     
   1.1659999999997841E-004  0.44495307571960291     
   1.1669999999997836E-004  0.44493003199205661     
   1.1679999999997831E-004  0.44490717375584310     
   1.1689999999997826E-004  0.44488448753870929     
   1.1699999999997821E-004  0.44486204626255954     
   1.1709999999997815E-004  0.44483966107114470     
   1.1719999999997810E-004  0.44481731800455565     
   1.1729999999997805E-004  0.44479497206925939     
   1.1739999999997800E-004  0.44477272057714384     
   1.1749999999997795E-004  0.44475057011113850     
   1.1759999999997789E-004  0.44472843570910559     
   1.1769999999997784E-004  0.44470613576537910     
   1.1779999999997779E-004  0.44468383913456594     
   1.1789999999997774E-004  0.44466156371221982     
   1.1799999999997769E-004  0.44463914033327701     
   1.1809999999997764E-004  0.44461667688771916     
   1.1819999999997758E-004  0.44459427129660650     
   1.1829999999997753E-004  0.44457185727393322     
   1.1839999999997748E-004  0.44454947180672172     
   1.1849999999997743E-004  0.44452704739671500     
   1.1859999999997738E-004  0.44450456693779422     
   1.1869999999997733E-004  0.44448207159856074     
   1.1879999999997727E-004  0.44445959724575890     
   1.1889999999997722E-004  0.44443713030603221     
   1.1899999999997717E-004  0.44441456333292495     
   1.1909999999997712E-004  0.44439178749822039     
   1.1919999999997707E-004  0.44436865134558035     
   1.1929999999997701E-004  0.44434521218646889     
   1.1939999999997696E-004  0.44432142281118053     
   1.1949999999997691E-004  0.44429745092492001     
   1.1959999999997686E-004  0.44427319987830133     
   1.1969999999997681E-004  0.44424867788000244     
   1.1979999999997676E-004  0.44422404647911240     
   1.1989999999997670E-004  0.44419952712667671     
   1.1999999999997665E-004  0.44417498331162142     
