# RMS shrinking factor for the case B18Ra8CT01
   1.0999999999999998E-007  0.99999961468956400     
   2.1000000000000008E-007  0.99999825891286764     
   3.1000000000000016E-007  0.99999472994061767     
   4.1000000000000026E-007  0.99998772481380227     
   5.1000000000000031E-007  0.99997545236895902     
   6.1000000000000041E-007  0.99995617878115539     
   7.1000000000000051E-007  0.99992483155806089     
   8.1000000000000061E-007  0.99988750912924407     
   9.1000000000000071E-007  0.99986075311584632     
   1.0100000000000003E-006  0.99983956621940262     
   1.1099999999999993E-006  0.99983586436228034     
   2.0000000000000000E-008  0.99983201545897726     
   1.2999999999999975E-006  0.99978069058642527     
   1.3999999999999965E-006  0.99977671370610866     
   1.4999999999999956E-006  0.99977279733409741     
   1.5999999999999946E-006  0.99976894284148199     
   1.6999999999999937E-006  0.99976515085704187     
   1.7999999999999927E-006  0.99976142123649259     
   1.8999999999999918E-006  0.99975775519168086     
   1.9999999999999910E-006  0.99975415321808969     
   2.0999999999999901E-006  0.99975061634450113     
   2.1999999999999891E-006  0.99974714480619564     
   2.2999999999999881E-006  0.99974373795277649     
   2.3999999999999872E-006  0.99974039659111014     
   2.4999999999999862E-006  0.99973712064799547     
   2.5999999999999853E-006  0.99973391042316184     
   2.6999999999999843E-006  0.99973076385632353     
   2.7999999999999834E-006  0.99972768060858774     
   2.8999999999999824E-006  0.99972465898557628     
   2.9999999999999814E-006  0.99972170110304526     
   3.0999999999999805E-006  0.99971880711257111     
   3.1999999999999795E-006  0.99971597594986938     
   3.2999999999999786E-006  0.99971320111771478     
   3.3999999999999776E-006  0.99971048313460742     
   3.4999999999999767E-006  0.99970782165773386     
   3.5999999999999757E-006  0.99970521790425049     
   3.6999999999999747E-006  0.99970267118828515     
   3.7999999999999738E-006  0.99970017550332158     
   3.8999999999999728E-006  0.99969772941508084     
   3.9999999999999719E-006  0.99969533031974167     
   4.0999999999999709E-006  0.99969297892071785     
   4.1999999999999700E-006  0.99969067527843825     
   4.2999999999999690E-006  0.99968841607778514     
   4.3999999999999680E-006  0.99968619846521856     
   4.4999999999999671E-006  0.99968402165738135     
   4.5999999999999661E-006  0.99968188698519644     
   4.6999999999999652E-006  0.99967979370939963     
   4.7999999999999642E-006  0.99967773872787424     
   4.8999999999999632E-006  0.99967571320644311     
   4.9999999999999623E-006  0.99967371875461342     
   5.0999999999999613E-006  0.99967174691362715     
   5.1999999999999604E-006  0.99966979762098918     
   5.2999999999999594E-006  0.99966786875106417     
   5.3999999999999585E-006  0.99966595064491215     
   5.4999999999999575E-006  0.99966403878393006     
   5.5999999999999565E-006  0.99966213381465630     
   5.6999999999999556E-006  0.99966023056044129     
   5.7999999999999546E-006  0.99965832435755519     
   5.8999999999999537E-006  0.99965641517000281     
   5.9999999999999527E-006  0.99965449269369322     
   6.0999999999999518E-006  0.99965256284336457     
   6.1999999999999508E-006  0.99965062180362574     
   6.2999999999999498E-006  0.99964866300008470     
   6.3999999999999489E-006  0.99964668275534097     
   6.4999999999999479E-006  0.99964467611502494     
   6.5999999999999470E-006  0.99964263588214008     
   6.6999999999999460E-006  0.99964056469154594     
   6.7999999999999451E-006  0.99963843047745415     
   6.8999999999999441E-006  0.99963622283091247     
   6.9999999999999431E-006  0.99963391545840052     
   7.0999999999999422E-006  0.99963152540751066     
   7.1999999999999412E-006  0.99962904442505807     
   7.2999999999999403E-006  0.99962646205844674     
   7.3999999999999393E-006  0.99962378307129385     
   7.4999999999999384E-006  0.99962099803160642     
   7.5999999999999374E-006  0.99961808844001510     
   7.6999999999999364E-006  0.99961504359967901     
   7.7999999999999355E-006  0.99961184481576415     
   7.8999999999999345E-006  0.99960848412042325     
   7.9999999999999336E-006  0.99960496307533686     
   8.0999999999999326E-006  0.99960126973064412     
   8.1999999999999317E-006  0.99959737336507382     
   8.2999999999999307E-006  0.99959325596156079     
   8.3999999999999297E-006  0.99958888347764530     
   8.4999999999999288E-006  0.99958424191203710     
   8.5999999999999278E-006  0.99957934745522226     
   8.6999999999999269E-006  0.99957410321055762     
   8.7999999999999259E-006  0.99956846463607751     
   8.8999999999999250E-006  0.99956245359187035     
   8.9999999999999240E-006  0.99955600323343274     
   9.0999999999999230E-006  0.99954901107044891     
   9.1999999999999221E-006  0.99954145798014193     
   9.2999999999999211E-006  0.99953333933756883     
   9.3999999999999202E-006  0.99952463817742410     
   9.4999999999999192E-006  0.99951520406247174     
   9.5999999999999183E-006  0.99950496396177690     
   9.6999999999999173E-006  0.99949378865040339     
   9.7999999999999163E-006  0.99948159503296508     
   9.8999999999999154E-006  0.99946830995465874     
   9.9999999999999144E-006  0.99945376547873011     
   1.0099999999999913E-005  0.99943805040865130     
   1.0199999999999913E-005  0.99942103547668382     
   1.0299999999999912E-005  0.99940263026739928     
   1.0399999999999911E-005  0.99938270850056321     
   1.0499999999999910E-005  0.99936110569488290     
   1.0599999999999909E-005  0.99933780404795547     
   1.0699999999999908E-005  0.99931279619386593     
   1.0799999999999907E-005  0.99928591767254493     
   1.0899999999999906E-005  0.99925688315517758     
   1.0999999999999905E-005  0.99922559018815271     
   1.1099999999999904E-005  0.99919193056797040     
   1.1199999999999903E-005  0.99915562694424132     
   1.1299999999999902E-005  0.99911629064376828     
   1.1399999999999901E-005  0.99907366798110453     
   1.1499999999999900E-005  0.99902775458890347     
   1.1599999999999899E-005  0.99897828771571473     
   1.1699999999999898E-005  0.99892503425131973     
   1.1799999999999897E-005  0.99886767508855379     
   1.1899999999999896E-005  0.99880585173153635     
   1.1999999999999895E-005  0.99873909199275013     
   1.2099999999999894E-005  0.99866776077976516     
   1.2199999999999893E-005  0.99859249434089614     
   1.2299999999999892E-005  0.99851285317056315     
   1.2399999999999891E-005  0.99842809865954063     
   1.2499999999999890E-005  0.99833798721158695     
   1.2599999999999890E-005  0.99824230306829420     
   1.2699999999999889E-005  0.99814068985057902     
   1.2799999999999888E-005  0.99803259232733865     
   1.2899999999999887E-005  0.99791707441596744     
   1.2999999999999886E-005  0.99779397211423682     
   1.3099999999999885E-005  0.99766221191484239     
   1.3199999999999884E-005  0.99752063628848453     
   1.3299999999999883E-005  0.99736877938387358     
   1.3399999999999882E-005  0.99720527247738155     
   1.3499999999999881E-005  0.99702888399902734     
   1.3599999999999880E-005  0.99683825017341554     
   1.3699999999999879E-005  0.99663135255375357     
   1.3799999999999878E-005  0.99640619732250113     
   1.3899999999999877E-005  0.99616042969588070     
   1.3999999999999876E-005  0.99589002305727614     
   1.4099999999999875E-005  0.99559156411395378     
   1.4199999999999874E-005  0.99525832526997471     
   1.4299999999999873E-005  0.99488282510421100     
   1.4399999999999872E-005  0.99445440546755814     
   1.4499999999999871E-005  0.99396365677534526     
   1.4599999999999870E-005  0.99339990055401728     
   1.4699999999999869E-005  0.99275095053409412     
   1.4799999999999868E-005  0.99199953768830340     
   1.4899999999999868E-005  0.99112644574503417     
   1.4999999999999867E-005  0.99011408469468254     
   1.5099999999999866E-005  0.98894684266666710     
   1.5199999999999865E-005  0.98760506147494898     
   1.5299999999999870E-005  0.98606662966762892     
   1.5399999999999886E-005  0.98431510744119388     
   1.5499999999999902E-005  0.98231793473656781     
   1.5599999999999918E-005  0.98000675427464246     
   1.5699999999999934E-005  0.97733161661432610     
   1.5799999999999950E-005  0.97428547380201747     
   1.5899999999999966E-005  0.97084373583260231     
   1.5999999999999982E-005  0.96696472806118483     
   1.6099999999999998E-005  0.96262374701474129     
   1.6200000000000014E-005  0.95776618514844103     
   1.6300000000000030E-005  0.95232114141620872     
   1.6400000000000046E-005  0.94623354884176780     
   1.6500000000000062E-005  0.93948995572869920     
   1.6600000000000078E-005  0.93205102908489834     
   1.6700000000000094E-005  0.92386064204517759     
   1.6800000000000110E-005  0.91490909642006768     
   1.6900000000000126E-005  0.90518531125367219     
   1.7000000000000142E-005  0.89468794366934323     
   1.7100000000000158E-005  0.88343130346150056     
   1.7200000000000174E-005  0.87146128596242223     
   1.7300000000000190E-005  0.85883587621194379     
   1.7400000000000206E-005  0.84564399169291671     
   1.7500000000000222E-005  0.83195705080785320     
   1.7600000000000238E-005  0.81787827560642778     
   1.7700000000000254E-005  0.80354072748063710     
   1.7800000000000270E-005  0.78902591023282820     
   1.7900000000000286E-005  0.77447178539092698     
   1.8000000000000302E-005  0.75994698608511402     
   1.8100000000000318E-005  0.74560222173751223     
   1.8200000000000334E-005  0.73155554079323337     
   1.8300000000000350E-005  0.71791833668006377     
   1.8400000000000366E-005  0.70477352338676502     
   1.8500000000000382E-005  0.69212766004178150     
   1.8600000000000398E-005  0.68003078180323118     
   1.8700000000000414E-005  0.66850787915527188     
   1.8800000000000430E-005  0.65759033362975128     
   1.8900000000000446E-005  0.64728971164139404     
   1.9000000000000462E-005  0.63757836027941828     
   1.9100000000000478E-005  0.62850357309484928     
   1.9200000000000494E-005  0.62009821213424487     
   1.9300000000000510E-005  0.61227367927305887     
   1.9400000000000526E-005  0.60489095234953971     
   1.9500000000000542E-005  0.59788574258709759     
   1.9600000000000558E-005  0.59125046434358519     
   1.9700000000000574E-005  0.58498350294733348     
   1.9800000000000590E-005  0.57907772364835153     
   1.9900000000000606E-005  0.57352855391007995     
   2.0000000000000622E-005  0.56834528072464607     
   2.0100000000000638E-005  0.56349212572608642     
   2.0200000000000654E-005  0.55892651269944260     
   2.0300000000000670E-005  0.55463320693201101     
   2.0400000000000686E-005  0.55060653680954097     
   2.0500000000000702E-005  0.54683431973123964     
   2.0600000000000718E-005  0.54329508730261922     
   2.0700000000000734E-005  0.53998297496485426     
   2.0800000000000750E-005  0.53687846305821685     
   2.0900000000000766E-005  0.53396366856435751     
   2.1000000000000781E-005  0.53124142829663468     
   2.1100000000000797E-005  0.52870081226846510     
   2.1200000000000813E-005  0.52632423572035769     
   2.1300000000000829E-005  0.52409514335944962     
   2.1400000000000845E-005  0.52200546641630496     
   2.1500000000000861E-005  0.52004731324621845     
   2.1600000000000877E-005  0.51821339137175759     
   2.1700000000000893E-005  0.51649198524062079     
   2.1800000000000909E-005  0.51487397521886591     
   2.1900000000000925E-005  0.51335549127834956     
   2.2000000000000941E-005  0.51193254979215108     
   2.2100000000000957E-005  0.51059924677560742     
   2.2200000000000973E-005  0.50934790248295736     
   2.2300000000000989E-005  0.50816526766084136     
   2.2400000000001005E-005  0.50705023930610615     
   2.2500000000001021E-005  0.50600827681605642     
   2.2600000000001037E-005  0.50503578908426749     
   2.2700000000001053E-005  0.50413173804379241     
   2.2800000000001069E-005  0.50329172968493663     
   2.2900000000001085E-005  0.50251147594745060     
   2.3000000000001101E-005  0.50178854967348396     
   2.3100000000001117E-005  0.50112335345642744     
   2.3200000000001133E-005  0.50051321073117827     
   2.3300000000001149E-005  0.49995680437154011     
   2.3400000000001165E-005  0.49944936148838431     
   2.3500000000001181E-005  0.49898685079489835     
   2.3600000000001197E-005  0.49856833193791905     
   2.3700000000001213E-005  0.49819053409864938     
   2.3800000000001229E-005  0.49785217890094574     
   2.3900000000001245E-005  0.49754917268293442     
   2.4000000000001261E-005  0.49727385066085272     
   2.4100000000001277E-005  0.49702795638788960     
   2.4200000000001293E-005  0.49681475650999940     
   2.4300000000001309E-005  0.49663172291024349     
   2.4400000000001325E-005  0.49647609026825362     
   2.4500000000001341E-005  0.49634689585655722     
   2.4600000000001357E-005  0.49624271013958882     
   2.4700000000001373E-005  0.49616403047613183     
   2.4800000000001389E-005  0.49611273682824669     
   2.4900000000001405E-005  0.49608672206373078     
   2.5000000000001421E-005  0.49608350175078070     
   2.5100000000001437E-005  0.49610222595888587     
   2.5200000000001453E-005  0.49614135874298898     
   2.5300000000001469E-005  0.49619635814684215     
   2.5400000000001485E-005  0.49627274963024365     
   2.5500000000001501E-005  0.49637043005800169     
   2.5600000000001517E-005  0.49648679636311827     
   2.5700000000001533E-005  0.49662025937782833     
   2.5800000000001549E-005  0.49677039779403886     
   2.5900000000001565E-005  0.49693217174054771     
   2.6000000000001581E-005  0.49710265611004267     
   2.6100000000001597E-005  0.49727598388163780     
   2.6200000000001613E-005  0.49744474809481648     
   2.6300000000001629E-005  0.49759888420246390     
   2.6400000000001645E-005  0.49773632414404145     
   2.6500000000001661E-005  0.49785431905871502     
   2.6600000000001677E-005  0.49794703914414307     
   2.6700000000001693E-005  0.49801362153128054     
   2.6800000000001709E-005  0.49804730791115914     
   2.6900000000001725E-005  0.49804353236187726     
   2.7000000000001740E-005  0.49799254867006099     
   2.7100000000001756E-005  0.49790884707260302     
   2.7200000000001772E-005  0.49779639221314037     
   2.7300000000001788E-005  0.49765895750435080     
   2.7400000000001804E-005  0.49749813174732022     
   2.7500000000001820E-005  0.49731827800423695     
   2.7600000000001836E-005  0.49712019365951804     
   2.7700000000001852E-005  0.49690786201278003     
   2.7800000000001868E-005  0.49668040073425535     
   2.7900000000001884E-005  0.49643993205739551     
   2.8000000000001900E-005  0.49618883224808463     
   2.8100000000001916E-005  0.49593008236803021     
   2.8200000000001932E-005  0.49566823495339224     
   2.8300000000001948E-005  0.49540270822943439     
   2.8400000000001964E-005  0.49513606137641997     
   2.8500000000001980E-005  0.49486856757345615     
   2.8600000000001996E-005  0.49459996157085212     
   2.8700000000002012E-005  0.49433124116303534     
   2.8800000000002028E-005  0.49406459963514793     
   2.8900000000002044E-005  0.49379901648413221     
   2.9000000000002060E-005  0.49353483773148082     
   2.9100000000002076E-005  0.49327458332778740     
   2.9200000000002092E-005  0.49301786019462840     
   2.9300000000002108E-005  0.49276520345601343     
   2.9400000000002124E-005  0.49251991335987455     
   2.9500000000002140E-005  0.49227926439132569     
   2.9600000000002156E-005  0.49204393972623317     
   2.9700000000002172E-005  0.49181329933823875     
   2.9800000000002188E-005  0.49158802508231986     
   2.9900000000002204E-005  0.49136814771171156     
   3.0000000000002220E-005  0.49115396898533864     
   3.0100000000002236E-005  0.49094275855597796     
   3.0200000000002252E-005  0.49073627902842076     
   3.0300000000002268E-005  0.49053512083650563     
   3.0400000000002284E-005  0.49033764716522676     
   3.0500000000002300E-005  0.49014587679990862     
   3.0600000000002316E-005  0.48996211396126460     
   3.0700000000002332E-005  0.48978491597998797     
   3.0800000000002348E-005  0.48961359188662623     
   3.0900000000002364E-005  0.48944800489947299     
   3.1000000000002380E-005  0.48928717592481430     
   3.1100000000002396E-005  0.48913249389517172     
   3.1200000000002412E-005  0.48898451256163794     
   3.1300000000002428E-005  0.48884262360179348     
   3.1400000000002444E-005  0.48870600926574448     
   3.1500000000002460E-005  0.48857496934831030     
   3.1600000000002476E-005  0.48845114468377415     
   3.1700000000002492E-005  0.48833408975657927     
   3.1800000000002508E-005  0.48822341608197556     
   3.1900000000002524E-005  0.48811925230629238     
   3.2000000000002540E-005  0.48802054343936213     
   3.2100000000002556E-005  0.48792838751915091     
   3.2200000000002572E-005  0.48784378638522852     
   3.2300000000002588E-005  0.48776620094984929     
   3.2400000000002604E-005  0.48769625457121535     
   3.2500000000002620E-005  0.48763346439716221     
   3.2600000000002636E-005  0.48757817196765774     
   3.2700000000002652E-005  0.48752866559715163     
   3.2800000000002668E-005  0.48748598412223215     
   3.2900000000002683E-005  0.48744891040040533     
   3.3000000000002699E-005  0.48741805478921613     
   3.3100000000002715E-005  0.48739326908672559     
   3.3200000000002731E-005  0.48737445996300238     
   3.3300000000002747E-005  0.48736075834788167     
   3.3400000000002763E-005  0.48735155815713110     
   3.3500000000002779E-005  0.48734699679106902     
   3.3600000000002795E-005  0.48734762481234145     
   3.3700000000002811E-005  0.48735251572689042     
   3.3800000000002827E-005  0.48736112643087198     
   3.3900000000002843E-005  0.48737216675967865     
   3.4000000000002859E-005  0.48738587968656172     
   3.4100000000002875E-005  0.48740176923422235     
   3.4200000000002891E-005  0.48741927952689362     
   3.4300000000002907E-005  0.48743919354429693     
   3.4400000000002923E-005  0.48746179546563662     
   3.4500000000002939E-005  0.48748649119185189     
   3.4600000000002955E-005  0.48751302711446820     
   3.4700000000002971E-005  0.48754121141713713     
   3.4800000000002987E-005  0.48756984683044208     
   3.4900000000003003E-005  0.48759912482045642     
   3.5000000000003019E-005  0.48762983137634003     
   3.5100000000003035E-005  0.48766015318264633     
   3.5200000000003051E-005  0.48768845318057708     
   3.5300000000003067E-005  0.48771313768465907     
   3.5400000000003083E-005  0.48773469214026799     
   3.5500000000003099E-005  0.48775223440911691     
   3.5600000000003115E-005  0.48776321518899324     
   3.5700000000003131E-005  0.48776586596151200     
   3.5800000000003147E-005  0.48775881691800266     
   3.5900000000003163E-005  0.48773584747956067     
   3.6000000000003179E-005  0.48769671576932927     
   3.6100000000003195E-005  0.48763894023990612     
   3.6200000000003211E-005  0.48756155643088017     
   3.6300000000003227E-005  0.48746555931674629     
   3.6400000000003243E-005  0.48734989583306138     
   3.6500000000003259E-005  0.48721165905497243     
   3.6600000000003275E-005  0.48705502606763512     
   3.6700000000003291E-005  0.48688196313687920     
   3.6800000000003307E-005  0.48669270570219975     
   3.6900000000003323E-005  0.48648794195961698     
   3.7000000000003339E-005  0.48626899511326643     
   3.7100000000003355E-005  0.48603680256438286     
   3.7200000000003371E-005  0.48579112611253894     
   3.7300000000003387E-005  0.48553063670778401     
   3.7400000000003403E-005  0.48525737856977380     
   3.7500000000003419E-005  0.48497357397349794     
   3.7600000000003435E-005  0.48467923612890274     
   3.7700000000003451E-005  0.48437616772273590     
   3.7800000000003467E-005  0.48406372840927819     
   3.7900000000003483E-005  0.48374175085300958     
   3.8000000000003499E-005  0.48341186084100901     
   3.8100000000003515E-005  0.48307318031309027     
   3.8200000000003531E-005  0.48272928281978783     
   3.8300000000003547E-005  0.48238162982543337     
   3.8400000000003563E-005  0.48203122928855302     
   3.8500000000003579E-005  0.48167830300937448     
   3.8600000000003595E-005  0.48132416615860829     
   3.8700000000003611E-005  0.48096878276498267     
   3.8800000000003627E-005  0.48061020831480000     
   3.8900000000003642E-005  0.48024870949355836     
   3.9000000000003658E-005  0.47988514840578117     
   3.9100000000003674E-005  0.47952002450848435     
   3.9200000000003690E-005  0.47915399739427084     
   3.9300000000003706E-005  0.47878626376274508     
   3.9400000000003722E-005  0.47841963854543512     
   3.9500000000003738E-005  0.47805339906602612     
   3.9600000000003754E-005  0.47768695825020013     
   3.9700000000003770E-005  0.47732112979220470     
   3.9800000000003786E-005  0.47695535335326278     
   3.9900000000003802E-005  0.47658914030569977     
   4.0000000000003818E-005  0.47622290810909679     
   4.0100000000003834E-005  0.47585793247256652     
   4.0200000000003850E-005  0.47549471169257179     
   4.0300000000003866E-005  0.47513448980888073     
   4.0400000000003882E-005  0.47477516292771377     
   4.0500000000003898E-005  0.47441797608475006     
   4.0600000000003914E-005  0.47406387344689072     
   4.0700000000003930E-005  0.47371581648962613     
   4.0800000000003946E-005  0.47337396595869397     
   4.0900000000003962E-005  0.47303754132242054     
   4.1000000000003978E-005  0.47270443127907230     
   4.1100000000003994E-005  0.47237531633804963     
   4.1200000000004010E-005  0.47205017611539662     
   4.1300000000004026E-005  0.47172935205062710     
   4.1400000000004042E-005  0.47141378999693673     
   4.1500000000004058E-005  0.47110265806373453     
   4.1600000000004074E-005  0.47079568047038384     
   4.1700000000004090E-005  0.47049332010188150     
   4.1800000000004106E-005  0.47019431662377920     
   4.1900000000004122E-005  0.46989882215847600     
   4.2000000000004138E-005  0.46960696695265569     
   4.2100000000004154E-005  0.46931873267862723     
   4.2200000000004170E-005  0.46903404831238288     
   4.2300000000004186E-005  0.46875461202430452     
   4.2400000000004202E-005  0.46848059758758670     
   4.2500000000004218E-005  0.46821070448512675     
   4.2600000000004234E-005  0.46794410461026875     
   4.2700000000004250E-005  0.46768146796639615     
   4.2800000000004266E-005  0.46742354225428673     
   4.2900000000004282E-005  0.46716897937579932     
   4.3000000000004298E-005  0.46691697075692834     
   4.3100000000004314E-005  0.46666862586686486     
   4.3200000000004330E-005  0.46642326338158480     
   4.3300000000004346E-005  0.46618252601756782     
   4.3400000000004362E-005  0.46594599154525962     
   4.3500000000004378E-005  0.46571370507539478     
   4.3600000000004394E-005  0.46548641939823460     
   4.3700000000004410E-005  0.46526291594433716     
   4.3800000000004426E-005  0.46504262443478483     
   4.3900000000004442E-005  0.46482628413719929     
   4.4000000000004458E-005  0.46461386188218690     
   4.4100000000004474E-005  0.46440676243333551     
   4.4200000000004490E-005  0.46420401278097689     
   4.4300000000004506E-005  0.46400536547310739     
   4.4400000000004522E-005  0.46380974690904958     
   4.4500000000004538E-005  0.46361675371264649     
   4.4600000000004554E-005  0.46342696834118929     
   4.4700000000004570E-005  0.46324065859608560     
   4.4800000000004586E-005  0.46305776466574827     
   4.4900000000004601E-005  0.46287849595199831     
   4.5000000000004617E-005  0.46270118229564555     
   4.5100000000004633E-005  0.46252503232945869     
   4.5200000000004649E-005  0.46235022364377604     
   4.5300000000004665E-005  0.46217775134891120     
   4.5400000000004681E-005  0.46200839133499333     
   4.5500000000004697E-005  0.46184234915853611     
   4.5600000000004713E-005  0.46167866980576844     
   4.5700000000004729E-005  0.46151787774671155     
   4.5800000000004745E-005  0.46135982299014816     
   4.5900000000004761E-005  0.46120452990891858     
   4.6000000000004777E-005  0.46105061654460971     
   4.6100000000004793E-005  0.46089906875102155     
   4.6200000000004809E-005  0.46074917275260940     
   4.6300000000004825E-005  0.46060075873168527     
   4.6400000000004841E-005  0.46045388623558492     
   4.6500000000004857E-005  0.46030858424767007     
   4.6600000000004873E-005  0.46016436589379678     
   4.6700000000004889E-005  0.46002073796195347     
   4.6800000000004905E-005  0.45987771544127559     
   4.6900000000004921E-005  0.45973616004504519     
   4.7000000000004937E-005  0.45959617775185313     
   4.7100000000004953E-005  0.45945766862503018     
   4.7200000000004969E-005  0.45932046844479629     
   4.7300000000004985E-005  0.45918368314778313     
   4.7400000000005001E-005  0.45904652888471614     
   4.7500000000005017E-005  0.45891001987607832     
   4.7600000000005033E-005  0.45877512736999243     
   4.7700000000005049E-005  0.45864262041176623     
   4.7800000000005065E-005  0.45851241224300060     
   4.7900000000005081E-005  0.45838416037679003     
   4.8000000000005097E-005  0.45825797156755060     
   4.8100000000005113E-005  0.45813310022084247     
   4.8200000000005129E-005  0.45800980561572202     
   4.8300000000005145E-005  0.45788808302980982     
   4.8400000000005161E-005  0.45776863588050665     
   4.8500000000005177E-005  0.45765070994612156     
   4.8600000000005193E-005  0.45753430224144004     
   4.8700000000005209E-005  0.45741960410773053     
   4.8800000000005225E-005  0.45730700015001036     
   4.8900000000005241E-005  0.45719589382971554     
   4.9000000000005257E-005  0.45708625768057143     
   4.9100000000005273E-005  0.45697745289652841     
   4.9200000000005289E-005  0.45686630964710839     
   4.9300000000005305E-005  0.45675511778035216     
   4.9400000000005321E-005  0.45664451611225237     
   4.9500000000005337E-005  0.45653484829001878     
   4.9600000000005353E-005  0.45642607346830227     
   4.9700000000005369E-005  0.45631848935697900     
   4.9800000000005385E-005  0.45621242130875655     
   4.9900000000005401E-005  0.45610773285982181     
   5.0000000000005417E-005  0.45600395987145453     
   5.0100000000005433E-005  0.45590156077944766     
   5.0200000000005449E-005  0.45580053214648730     
   5.0300000000005465E-005  0.45570016127642160     
   5.0400000000005481E-005  0.45559812698356716     
   5.0500000000005497E-005  0.45549684539937890     
   5.0600000000005513E-005  0.45539679414626555     
   5.0700000000005529E-005  0.45529793742425329     
   5.0800000000005544E-005  0.45519959896922896     
   5.0900000000005560E-005  0.45510164637492162     
   5.1000000000005576E-005  0.45500483749752879     
   5.1100000000005592E-005  0.45490893120340153     
   5.1200000000005608E-005  0.45481413770538853     
   5.1300000000005624E-005  0.45472015131424653     
   5.1400000000005640E-005  0.45462662117281111     
   5.1500000000005656E-005  0.45453311022992704     
   5.1600000000005672E-005  0.45443898009998301     
   5.1700000000005688E-005  0.45434318411923241     
   5.1800000000005704E-005  0.45424734947733136     
   5.1900000000005720E-005  0.45415205963240429     
   5.2000000000005736E-005  0.45405688402097094     
   5.2100000000005752E-005  0.45396184413923724     
   5.2200000000005768E-005  0.45386698334945219     
   5.2300000000005784E-005  0.45377237309130725     
   5.2400000000005800E-005  0.45367848503303287     
   5.2500000000005816E-005  0.45358496597203302     
   5.2600000000005832E-005  0.45349185219399002     
   5.2700000000005848E-005  0.45339888863821304     
   5.2800000000005864E-005  0.45330615341948038     
   5.2900000000005880E-005  0.45321378578025107     
   5.3000000000005896E-005  0.45312193300901293     
   5.3100000000005912E-005  0.45303076988497398     
   5.3200000000005928E-005  0.45294017707307066     
   5.3300000000005944E-005  0.45284976906720309     
   5.3400000000005960E-005  0.45275912103693000     
   5.3500000000005976E-005  0.45266831371882460     
   5.3600000000005992E-005  0.45257743537869499     
   5.3700000000006008E-005  0.45248590655047305     
   5.3800000000006024E-005  0.45239408024381172     
   5.3900000000006040E-005  0.45230210617875383     
   5.4000000000006056E-005  0.45221003111537289     
   5.4100000000006072E-005  0.45211794294503121     
   5.4200000000006088E-005  0.45202584418167030     
   5.4300000000006104E-005  0.45193351997961201     
   5.4400000000006120E-005  0.45184078379723802     
   5.4500000000006136E-005  0.45174815534578461     
   5.4600000000006152E-005  0.45165572291522271     
   5.4700000000006168E-005  0.45156270499078544     
   5.4800000000006184E-005  0.45146815989768874     
   5.4900000000006200E-005  0.45137252692051744     
   5.5000000000006216E-005  0.45127670445783896     
   5.5100000000006232E-005  0.45118090604155447     
   5.5200000000006248E-005  0.45108539739276637     
   5.5300000000006264E-005  0.45099027094434618     
   5.5400000000006280E-005  0.45089573852000853     
   5.5500000000006296E-005  0.45080161274202590     
   5.5600000000006312E-005  0.45070765935342350     
   5.5700000000006328E-005  0.45061457082205608     
   5.5800000000006344E-005  0.45052225498127585     
   5.5900000000006360E-005  0.45043069317181245     
   5.6000000000006376E-005  0.45033994012252149     
   5.6100000000006392E-005  0.45025020999793447     
   5.6200000000006408E-005  0.45016130615749617     
   5.6300000000006424E-005  0.45007327455058843     
   5.6400000000006440E-005  0.44998636600070896     
   5.6500000000006456E-005  0.44990076710265053     
   5.6600000000006472E-005  0.44981678285525073     
   5.6700000000006488E-005  0.44973356289531535     
   5.6800000000006503E-005  0.44965107532906196     
   5.6900000000006519E-005  0.44956907444591282     
   5.7000000000006535E-005  0.44948790510736891     
   5.7100000000006551E-005  0.44940804363168840     
   5.7200000000006567E-005  0.44932926026507075     
   5.7300000000006583E-005  0.44925092426376950     
   5.7400000000006599E-005  0.44917286839136411     
   5.7500000000006615E-005  0.44909556820234103     
   5.7600000000006631E-005  0.44901935220374750     
   5.7700000000006647E-005  0.44894389671511864     
   5.7800000000006663E-005  0.44886874963439094     
   5.7900000000006679E-005  0.44879415108770732     
   5.8000000000006695E-005  0.44872042337648799     
   5.8100000000006711E-005  0.44864771923931701     
   5.8200000000006727E-005  0.44857570939855662     
   5.8300000000006743E-005  0.44850449598074721     
   5.8400000000006759E-005  0.44843342740275088     
   5.8500000000006775E-005  0.44836269525294525     
   5.8600000000006791E-005  0.44829226015048906     
   5.8700000000006807E-005  0.44822232383336252     
   5.8800000000006823E-005  0.44815292778964211     
   5.8900000000006839E-005  0.44808428004867917     
   5.9000000000006855E-005  0.44801573672065464     
   5.9100000000006871E-005  0.44794757447607120     
   5.9200000000006887E-005  0.44787957247049398     
   5.9300000000006903E-005  0.44781151892295279     
   5.9400000000006919E-005  0.44774297983064237     
   5.9500000000006935E-005  0.44767412050149380     
   5.9600000000006951E-005  0.44760490288236032     
   5.9700000000006967E-005  0.44753568596828341     
   5.9800000000006983E-005  0.44746590049370394     
   5.9900000000006999E-005  0.44739532350557132     
   6.0000000000007015E-005  0.44732401133968630     
   6.0100000000007031E-005  0.44725259904975800     
   6.0200000000007047E-005  0.44718119674069667     
   6.0300000000007063E-005  0.44710942290463107     
   6.0400000000007079E-005  0.44703788004730477     
   6.0500000000007095E-005  0.44696714722299946     
   6.0600000000007111E-005  0.44689743979297541     
   6.0700000000007127E-005  0.44682890462725822     
   6.0800000000007143E-005  0.44676108191527242     
   6.0900000000007159E-005  0.44669398615069622     
   6.1000000000007175E-005  0.44662711160385454     
   6.1100000000007150E-005  0.44656048577458624     
   6.1200000000007098E-005  0.44649443275591821     
   6.1300000000007047E-005  0.44642851555096486     
   6.1400000000006995E-005  0.44636292322888682     
   6.1500000000006943E-005  0.44629785852351411     
   6.1600000000006891E-005  0.44623355128663905     
   6.1700000000006839E-005  0.44617011218024016     
   6.1800000000006788E-005  0.44610769464595540     
   6.1900000000006736E-005  0.44604635453231728     
   6.2000000000006684E-005  0.44598616382048123     
   6.2100000000006632E-005  0.44592685119865716     
   6.2200000000006581E-005  0.44586840777776526     
   6.2300000000006529E-005  0.44581100647319027     
   6.2400000000006477E-005  0.44575427309401733     
   6.2500000000006425E-005  0.44569844189189545     
   6.2600000000006373E-005  0.44564319691964654     
   6.2700000000006322E-005  0.44558872542133254     
   6.2800000000006270E-005  0.44553510052977990     
   6.2900000000006218E-005  0.44548203271901154     
   6.3000000000006166E-005  0.44542940744332543     
   6.3100000000006115E-005  0.44537755333117979     
   6.3200000000006063E-005  0.44532682412342317     
   6.3300000000006011E-005  0.44527721882312543     
   6.3400000000005959E-005  0.44522826098885926     
   6.3500000000005907E-005  0.44517986631502926     
   6.3600000000005856E-005  0.44513184246202347     
   6.3700000000005804E-005  0.44508399867534487     
   6.3800000000005752E-005  0.44503643592695247     
   6.3900000000005700E-005  0.44498883495165648     
   6.4000000000005649E-005  0.44493991505685881     
   6.4100000000005597E-005  0.44488965823658638     
   6.4200000000005545E-005  0.44483916333584678     
   6.4300000000005493E-005  0.44478857560376844     
   6.4400000000005441E-005  0.44473740371042203     
   6.4500000000005390E-005  0.44468515778502715     
   6.4600000000005338E-005  0.44463287827936049     
   6.4700000000005286E-005  0.44458145842559860     
   6.4800000000005234E-005  0.44453089512655880     
   6.4900000000005182E-005  0.44448099297297500     
   6.5000000000005131E-005  0.44443166181324617     
   6.5100000000005079E-005  0.44438338148542783     
   6.5200000000005027E-005  0.44433561346398814     
   6.5300000000004975E-005  0.44428826014692646     
   6.5400000000004924E-005  0.44424067558250602     
   6.5500000000004872E-005  0.44419279855922839     
   6.5600000000004820E-005  0.44414403380717016     
   6.5700000000004768E-005  0.44409334684754320     
   6.5800000000004716E-005  0.44404190043436659     
   6.5900000000004665E-005  0.44399048947660624     
   6.6000000000004613E-005  0.44393898756739281     
   6.6100000000004561E-005  0.44388746789315059     
   6.6200000000004509E-005  0.44383576774242578     
   6.6300000000004458E-005  0.44378440166901689     
   6.6400000000004406E-005  0.44373323306893819     
   6.6500000000004354E-005  0.44368222454052902     
   6.6600000000004302E-005  0.44363141165727754     
   6.6700000000004250E-005  0.44357905930269925     
   6.6800000000004199E-005  0.44352689810033824     
   6.6900000000004147E-005  0.44347515822961009     
   6.7000000000004095E-005  0.44342399162169932     
   6.7100000000004043E-005  0.44337306452057629     
   6.7200000000003992E-005  0.44332215784034251     
   6.7300000000003940E-005  0.44327148738143712     
   6.7400000000003888E-005  0.44322121579672930     
   6.7500000000003836E-005  0.44317088110533626     
   6.7600000000003784E-005  0.44312090269426951     
   6.7700000000003733E-005  0.44307120627587271     
   6.7800000000003681E-005  0.44302174398467165     
   6.7900000000003629E-005  0.44297257527338912     
   6.8000000000003577E-005  0.44292365740832795     
   6.8100000000003526E-005  0.44287504731258071     
   6.8200000000003474E-005  0.44282665789946979     
   6.8300000000003422E-005  0.44277848406927400     
   6.8400000000003370E-005  0.44273039172364442     
   6.8500000000003318E-005  0.44268275183934808     
   6.8600000000003267E-005  0.44263521425692093     
   6.8700000000003215E-005  0.44258810979427093     
   6.8800000000003163E-005  0.44254132523403106     
   6.8900000000003111E-005  0.44249488917265617     
   6.9000000000003060E-005  0.44244923902115285     
   6.9100000000003008E-005  0.44240451552886773     
   6.9200000000002956E-005  0.44236064135962938     
   6.9300000000002904E-005  0.44231745386273064     
   6.9400000000002852E-005  0.44227446492125244     
   6.9500000000002801E-005  0.44223191869920592     
   6.9600000000002749E-005  0.44218991122214113     
   6.9700000000002697E-005  0.44214862165269492     
   6.9800000000002645E-005  0.44210761495997769     
   6.9900000000002594E-005  0.44206665449679733     
   7.0000000000002542E-005  0.44202572498021697     
   7.0100000000002490E-005  0.44198517027050954     
   7.0200000000002438E-005  0.44194531738339621     
   7.0300000000002386E-005  0.44190594801386007     
   7.0400000000002335E-005  0.44186752786711270     
   7.0500000000002283E-005  0.44183007021038395     
   7.0600000000002231E-005  0.44179318378137339     
   7.0700000000002179E-005  0.44175685492672773     
   7.0800000000002128E-005  0.44172114109212479     
   7.0900000000002076E-005  0.44168592009682156     
   7.1000000000002024E-005  0.44165121511255223     
   7.1100000000001972E-005  0.44161705011852131     
   7.1200000000001920E-005  0.44158321146177176     
   7.1300000000001869E-005  0.44154992431309970     
   7.1400000000001817E-005  0.44151700906691088     
   7.1500000000001765E-005  0.44148489114688733     
   7.1600000000001713E-005  0.44145321930129378     
   7.1700000000001661E-005  0.44142171775780953     
   7.1800000000001610E-005  0.44139030170054783     
   7.1900000000001558E-005  0.44135903070863025     
   7.2000000000001506E-005  0.44132803284616057     
   7.2100000000001454E-005  0.44129715685630055     
   7.2200000000001403E-005  0.44126646885549370     
   7.2300000000001351E-005  0.44123496962842645     
   7.2400000000001299E-005  0.44120239279449885     
   7.2500000000001247E-005  0.44116985376507328     
   7.2600000000001195E-005  0.44113769595061886     
   7.2700000000001144E-005  0.44110539586239900     
   7.2800000000001092E-005  0.44107232700221305     
   7.2900000000001040E-005  0.44103878226508103     
   7.3000000000000988E-005  0.44100493818437791     
   7.3100000000000937E-005  0.44097140285723874     
   7.3200000000000885E-005  0.44093820042036974     
   7.3300000000000833E-005  0.44090509853564386     
   7.3400000000000781E-005  0.44087225490126392     
   7.3500000000000729E-005  0.44083982199487265     
   7.3600000000000678E-005  0.44080763518475080     
   7.3700000000000626E-005  0.44077565659531687     
   7.3800000000000574E-005  0.44074404293491942     
   7.3900000000000522E-005  0.44071287970637224     
   7.4000000000000471E-005  0.44068216918904130     
   7.4100000000000419E-005  0.44065164745165597     
   7.4200000000000367E-005  0.44062115709514321     
   7.4300000000000315E-005  0.44059080019443919     
   7.4400000000000263E-005  0.44056113955393456     
   7.4500000000000212E-005  0.44053169792137803     
   7.4600000000000160E-005  0.44050269430088118     
   7.4700000000000108E-005  0.44047416145516138     
   7.4800000000000056E-005  0.44044591055952104     
   7.4900000000000005E-005  0.44041829722662701     
   7.4999999999999953E-005  0.44039148978692455     
   7.5099999999999901E-005  0.44036485513198081     
   7.5199999999999849E-005  0.44033828753673060     
   7.5299999999999797E-005  0.44031161170227529     
   7.5399999999999746E-005  0.44028432006197182     
   7.5499999999999694E-005  0.44025680244664023     
   7.5599999999999642E-005  0.44022963474704513     
   7.5699999999999590E-005  0.44020255063106078     
   7.5799999999999539E-005  0.44017553478997840     
   7.5899999999999487E-005  0.44014878693067194     
   7.5999999999999435E-005  0.44012173866512289     
   7.6099999999999383E-005  0.44009344600971345     
   7.6199999999999331E-005  0.44006514931201707     
   7.6299999999999280E-005  0.44003695966550688     
   7.6399999999999228E-005  0.44000893590572843     
   7.6499999999999176E-005  0.43998153288463804     
   7.6599999999999124E-005  0.43995458411868388     
   7.6699999999999073E-005  0.43992794218331926     
   7.6799999999999021E-005  0.43990171528441979     
   7.6899999999998969E-005  0.43987577843455483     
   7.6999999999998917E-005  0.43985031969577093     
   7.7099999999998865E-005  0.43982511046984074     
   7.7199999999998814E-005  0.43980033614802200     
   7.7299999999998762E-005  0.43977626401012865     
   7.7399999999998710E-005  0.43975276396798191     
   7.7499999999998658E-005  0.43972994626184797     
   7.7599999999998607E-005  0.43970761134324610     
   7.7699999999998555E-005  0.43968531955649021     
   7.7799999999998503E-005  0.43966289578957957     
   7.7899999999998451E-005  0.43964040347283223     
   7.7999999999998399E-005  0.43961813779169723     
   7.8099999999998348E-005  0.43959579644211400     
   7.8199999999998296E-005  0.43957353029426260     
   7.8299999999998244E-005  0.43955147873945766     
   7.8399999999998192E-005  0.43952943618104678     
   7.8499999999998140E-005  0.43950714544269104     
   7.8599999999998089E-005  0.43948452256490556     
   7.8699999999998037E-005  0.43946155023884631     
   7.8799999999997985E-005  0.43943805516842194     
   7.8899999999997933E-005  0.43941422650220585     
   7.8999999999997882E-005  0.43939019072134333     
   7.9099999999997830E-005  0.43936587071614081     
   7.9199999999997778E-005  0.43934153636517365     
   7.9299999999997726E-005  0.43931723448955201     
   7.9399999999997674E-005  0.43929237967679968     
   7.9499999999997623E-005  0.43926615906370398     
   7.9599999999997571E-005  0.43923904465038505     
   7.9699999999997519E-005  0.43921189027212310     
   7.9799999999997467E-005  0.43918453696210291     
   7.9899999999997416E-005  0.43915713520596378     
   7.9999999999997364E-005  0.43912966004141923     
   8.0099999999997312E-005  0.43910219372319459     
   8.0199999999997260E-005  0.43907467078849921     
   8.0299999999997208E-005  0.43904714965312064     
   8.0399999999997157E-005  0.43901947528126734     
   8.0499999999997105E-005  0.43899191591212688     
   8.0599999999997053E-005  0.43896457639311620     
   8.0699999999997001E-005  0.43893743316501665     
   8.0799999999996950E-005  0.43891042695828564     
   8.0899999999996898E-005  0.43888377250899235     
   8.0999999999996846E-005  0.43885738423235116     
   8.1099999999996794E-005  0.43883115439540349     
   8.1199999999996742E-005  0.43880494300133283     
   8.1299999999996691E-005  0.43877879949173254     
   8.1399999999996639E-005  0.43875293686472666     
   8.1499999999996587E-005  0.43872724019433196     
   8.1599999999996535E-005  0.43870151882833364     
   8.1699999999996484E-005  0.43867572781455638     
   8.1799999999996432E-005  0.43865008629862245     
   8.1899999999996380E-005  0.43862457787809450     
   8.1999999999996328E-005  0.43859921579752853     
   8.2099999999996276E-005  0.43857393146272461     
   8.2199999999996225E-005  0.43854884147632234     
   8.2299999999996173E-005  0.43852385776832581     
   8.2399999999996121E-005  0.43849919204708421     
   8.2499999999996069E-005  0.43847440282346750     
   8.2599999999996018E-005  0.43844969387517724     
   8.2699999999995966E-005  0.43842508500298555     
   8.2799999999995914E-005  0.43840033720583704     
   8.2899999999995862E-005  0.43837566295417346     
   8.2999999999995810E-005  0.43835104782355894     
   8.3099999999995759E-005  0.43832642383405490     
   8.3199999999995707E-005  0.43830149681520419     
   8.3299999999995655E-005  0.43827670316745326     
   8.3399999999995603E-005  0.43825206207362238     
   8.3499999999995552E-005  0.43822726361791148     
   8.3599999999995500E-005  0.43820223545257730     
   8.3699999999995448E-005  0.43817683395732110     
   8.3799999999995396E-005  0.43815083158396823     
   8.3899999999995344E-005  0.43812469158725031     
   8.3999999999995293E-005  0.43809828123730193     
   8.4099999999995241E-005  0.43807168624130755     
   8.4199999999995189E-005  0.43804475998468279     
   8.4299999999995137E-005  0.43801729300331849     
   8.4399999999995086E-005  0.43798969413160799     
   8.4499999999995034E-005  0.43796193773971320     
   8.4599999999994982E-005  0.43793411119442405     
   8.4699999999994930E-005  0.43790609959333920     
   8.4799999999994878E-005  0.43787806622916337     
   8.4899999999994827E-005  0.43785013979225856     
   8.4999999999994775E-005  0.43782267079424075     
   8.5099999999994723E-005  0.43779553788768033     
   8.5199999999994671E-005  0.43776856063952085     
   8.5299999999994619E-005  0.43774190819572784     
   8.5399999999994568E-005  0.43771554842180471     
   8.5499999999994516E-005  0.43768939163423926     
   8.5599999999994464E-005  0.43766346545478679     
   8.5699999999994412E-005  0.43763760716404559     
   8.5799999999994361E-005  0.43761153156012184     
   8.5899999999994309E-005  0.43758475226842242     
   8.5999999999994257E-005  0.43755742559331223     
   8.6099999999994205E-005  0.43753008676290195     
   8.6199999999994153E-005  0.43750266022063811     
   8.6299999999994102E-005  0.43747493297304313     
   8.6399999999994050E-005  0.43744677642642016     
   8.6499999999993998E-005  0.43741822503441663     
   8.6599999999993946E-005  0.43738953278396725     
   8.6699999999993895E-005  0.43736083111046137     
   8.6799999999993843E-005  0.43733227985842721     
   8.6899999999993791E-005  0.43730382550408609     
   8.6999999999993739E-005  0.43727560603130866     
   8.7099999999993687E-005  0.43724749087916470     
   8.7199999999993636E-005  0.43721948932282551     
   8.7299999999993584E-005  0.43719152385232485     
   8.7399999999993532E-005  0.43716385786543838     
   8.7499999999993480E-005  0.43713634085904673     
   8.7599999999993429E-005  0.43710892572800231     
   8.7699999999993377E-005  0.43708132473155953     
   8.7799999999993325E-005  0.43705340044196372     
   8.7899999999993273E-005  0.43702520958667024     
   8.7999999999993221E-005  0.43699657664586977     
   8.8099999999993170E-005  0.43696729106109861     
   8.8199999999993118E-005  0.43693735507474912     
   8.8299999999993066E-005  0.43690704373645461     
   8.8399999999993014E-005  0.43687665234516032     
   8.8499999999992963E-005  0.43684604769681107     
   8.8599999999992911E-005  0.43681524128321514     
   8.8699999999992859E-005  0.43678453827136060     
   8.8799999999992807E-005  0.43675362507005749     
   8.8899999999992755E-005  0.43672239248389372     
   8.8999999999992704E-005  0.43669082401175541     
   8.9099999999992652E-005  0.43665904086732538     
   8.9199999999992600E-005  0.43662715519239359     
   8.9299999999992548E-005  0.43659510401113311     
   8.9399999999992497E-005  0.43656310310184893     
   8.9499999999992445E-005  0.43653110690536007     
   8.9599999999992393E-005  0.43649892929417994     
   8.9699999999992341E-005  0.43646617563773499     
   8.9799999999992289E-005  0.43643269313761396     
   8.9899999999992238E-005  0.43639879527715747     
   8.9999999999992186E-005  0.43636489581871213     
   9.0099999999992134E-005  0.43633101921903372     
   9.0199999999992082E-005  0.43629712152932087     
   9.0299999999992031E-005  0.43626309351693104     
   9.0399999999991979E-005  0.43622895330549960     
   9.0499999999991927E-005  0.43619476996001738     
   9.0599999999991875E-005  0.43616050190390981     
   9.0699999999991823E-005  0.43612622296739295     
   9.0799999999991772E-005  0.43609217647438470     
   9.0899999999991720E-005  0.43605823683502626     
   9.0999999999991668E-005  0.43602407803653193     
   9.1099999999991616E-005  0.43598986080236429     
   9.1199999999991565E-005  0.43595564514872170     
   9.1299999999991513E-005  0.43592149616054127     
   9.1399999999991461E-005  0.43588741874504228     
   9.1499999999991409E-005  0.43585355963457240     
   9.1599999999991357E-005  0.43581995453107902     
   9.1699999999991306E-005  0.43578647764642342     
   9.1799999999991254E-005  0.43575299531467371     
   9.1899999999991202E-005  0.43571918369418344     
   9.1999999999991150E-005  0.43568548117099376     
   9.2099999999991098E-005  0.43565186910004727     
   9.2199999999991047E-005  0.43561802469418465     
   9.2299999999990995E-005  0.43558407623392087     
   9.2399999999990943E-005  0.43554993579274309     
   9.2499999999990891E-005  0.43551585228971079     
   9.2599999999990840E-005  0.43548163225572128     
   9.2699999999990788E-005  0.43544727409199863     
   9.2799999999990736E-005  0.43541262805503828     
   9.2899999999990684E-005  0.43537776923034188     
   9.2999999999990632E-005  0.43534273215759667     
   9.3099999999990581E-005  0.43530757669306275     
   9.3199999999990529E-005  0.43527241873422334     
   9.3299999999990477E-005  0.43523743973972118     
   9.3399999999990425E-005  0.43520262946218113     
   9.3499999999990374E-005  0.43516805959211008     
   9.3599999999990322E-005  0.43513318850058741     
   9.3699999999990270E-005  0.43509814757330195     
   9.3799999999990218E-005  0.43506323183372519     
   9.3899999999990166E-005  0.43502832382279905     
   9.3999999999990115E-005  0.43499333434235082     
   9.4099999999990063E-005  0.43495847467327742     
   9.4199999999990011E-005  0.43492372664590978     
   9.4299999999989959E-005  0.43488870091761017     
   9.4399999999989908E-005  0.43485381291344311     
   9.4499999999989856E-005  0.43481892085739726     
   9.4599999999989804E-005  0.43478384498875439     
   9.4699999999989752E-005  0.43474834610522783     
   9.4799999999989700E-005  0.43471290970918786     
   9.4899999999989649E-005  0.43467754914114137     
   9.4999999999989597E-005  0.43464191516678147     
   9.5099999999989545E-005  0.43460617397817697     
   9.5199999999989493E-005  0.43457018538932563     
   9.5299999999989442E-005  0.43453405826947511     
   9.5399999999989390E-005  0.43449777079377461     
   9.5499999999989338E-005  0.43446090113127500     
   9.5599999999989286E-005  0.43442370410887643     
   9.5699999999989234E-005  0.43438609926599581     
   9.5799999999989183E-005  0.43434832190084544     
   9.5899999999989131E-005  0.43431039298040336     
   9.5999999999989079E-005  0.43427230539804923     
   9.6099999999989027E-005  0.43423410619774500     
   9.6199999999988976E-005  0.43419549615010072     
   9.6299999999988924E-005  0.43415641922211323     
   9.6399999999988872E-005  0.43411678096209372     
   9.6499999999988820E-005  0.43407688731159305     
   9.6599999999988768E-005  0.43403656364551813     
   9.6699999999988717E-005  0.43399574864478868     
   9.6799999999988665E-005  0.43395426527678210     
   9.6899999999988613E-005  0.43391219521539243     
   9.6999999999988561E-005  0.43386931442637017     
   9.7099999999988510E-005  0.43382556174411002     
   9.7199999999988458E-005  0.43378104643720700     
   9.7299999999988406E-005  0.43373620404305907     
   9.7399999999988354E-005  0.43369053148187331     
   9.7499999999988302E-005  0.43364353249559906     
   9.7599999999988251E-005  0.43359596262350081     
   9.7699999999988199E-005  0.43354794554504156     
   9.7799999999988147E-005  0.43349972290960964     
   9.7899999999988095E-005  0.43345116873737694     
   9.7999999999988044E-005  0.43340196652321500     
   9.8099999999987992E-005  0.43335182568069391     
   9.8199999999987940E-005  0.43330094408856867     
   9.8299999999987888E-005  0.43324954803299048     
   9.8399999999987836E-005  0.43319771137934476     
   9.8499999999987785E-005  0.43314533457009452     
   9.8599999999987733E-005  0.43309246726033523     
   9.8699999999987681E-005  0.43303917278780313     
   9.8799999999987629E-005  0.43298565769191710     
   9.8899999999987577E-005  0.43293172164972177     
   9.8999999999987526E-005  0.43287745260339927     
   9.9099999999987474E-005  0.43282265050227015     
   9.9199999999987422E-005  0.43276743636808362     
   9.9299999999987370E-005  0.43271198761038465     
   9.9399999999987319E-005  0.43265607559016517     
   9.9499999999987267E-005  0.43259987093485158     
   9.9599999999987215E-005  0.43254311370023857     
   9.9699999999987163E-005  0.43248562609589125     
   9.9799999999987111E-005  0.43242759836436745     
   9.9899999999987060E-005  0.43236934508820651     
   9.9999999999987008E-005  0.43231079483727464     
   1.0009999999998696E-004  0.43225219438706886     
   1.0019999999998690E-004  0.43219345941744630     
   1.0029999999998685E-004  0.43213443716385291     
   1.0039999999998680E-004  0.43207517195697892     
   1.0049999999998675E-004  0.43201576262788793     
   1.0059999999998670E-004  0.43195634171704361     
   1.0069999999998665E-004  0.43189675793299764     
   1.0079999999998659E-004  0.43183719971993084     
   1.0089999999998654E-004  0.43177752893423271     
   1.0099999999998649E-004  0.43171746669066863     
   1.0109999999998644E-004  0.43165693704923841     
   1.0119999999998639E-004  0.43159595980933391     
   1.0129999999998633E-004  0.43153498426050940     
   1.0139999999998628E-004  0.43147376650718788     
   1.0149999999998623E-004  0.43141229081469340     
   1.0159999999998618E-004  0.43135050879335490     
   1.0169999999998613E-004  0.43128844708967723     
   1.0179999999998608E-004  0.43122629894088449     
   1.0189999999998602E-004  0.43116418372582310     
   1.0199999999998597E-004  0.43110211795504172     
   1.0209999999998592E-004  0.43103968364496281     
   1.0219999999998587E-004  0.43097651428997047     
   1.0229999999998582E-004  0.43091296174264659     
   1.0239999999998577E-004  0.43084930150110501     
   1.0249999999998571E-004  0.43078566077790664     
   1.0259999999998566E-004  0.43072209798685485     
   1.0269999999998561E-004  0.43065868104182392     
   1.0279999999998556E-004  0.43059484676311471     
   1.0289999999998551E-004  0.43053074690450188     
   1.0299999999998545E-004  0.43046675392470207     
   1.0309999999998540E-004  0.43040235687464368     
   1.0319999999998535E-004  0.43033754699381088     
   1.0329999999998530E-004  0.43027244265034864     
   1.0339999999998525E-004  0.43020723999964222     
   1.0349999999998520E-004  0.43014200877258918     
   1.0359999999998514E-004  0.43007688126673910     
   1.0369999999998509E-004  0.43001155520379686     
   1.0379999999998504E-004  0.42994580646884029     
   1.0389999999998499E-004  0.42987976659879129     
   1.0399999999998494E-004  0.42981378874450776     
   1.0409999999998488E-004  0.42974800157095860     
   1.0419999999998483E-004  0.42968250536292224     
   1.0429999999998478E-004  0.42961677806407828     
   1.0439999999998473E-004  0.42955058406073793     
   1.0449999999998468E-004  0.42948421952378196     
   1.0459999999998463E-004  0.42941776678967214     
   1.0469999999998457E-004  0.42935126968214349     
   1.0479999999998452E-004  0.42928459882246051     
   1.0489999999998447E-004  0.42921814724611485     
   1.0499999999998442E-004  0.42915185490613050     
   1.0509999999998437E-004  0.42908583443237164     
   1.0519999999998432E-004  0.42902021618828362     
   1.0529999999998426E-004  0.42895479364043682     
   1.0539999999998421E-004  0.42888955303809395     
   1.0549999999998416E-004  0.42882477409689385     
   1.0559999999998411E-004  0.42876034425055026     
   1.0569999999998406E-004  0.42869620618096416     
   1.0579999999998400E-004  0.42863207324118580     
   1.0589999999998395E-004  0.42856783825137679     
   1.0599999999998390E-004  0.42850394167081168     
   1.0609999999998385E-004  0.42844046467446134     
   1.0619999999998380E-004  0.42837705875719068     
   1.0629999999998375E-004  0.42831389987550572     
   1.0639999999998369E-004  0.42825090683492772     
   1.0649999999998364E-004  0.42818775877300974     
   1.0659999999998359E-004  0.42812474258120481     
   1.0669999999998354E-004  0.42806177373535359     
   1.0679999999998349E-004  0.42799858989182160     
   1.0689999999998344E-004  0.42793543233404102     
   1.0699999999998338E-004  0.42787260049225734     
   1.0709999999998333E-004  0.42780984320321769     
   1.0719999999998328E-004  0.42774724290979355     
   1.0729999999998323E-004  0.42768472739538860     
   1.0739999999998318E-004  0.42762208442495636     
   1.0749999999998312E-004  0.42755972041006679     
   1.0759999999998307E-004  0.42749770517543118     
   1.0769999999998302E-004  0.42743585952990681     
   1.0779999999998297E-004  0.42737423338719960     
   1.0789999999998292E-004  0.42731291075168654     
   1.0799999999998287E-004  0.42725187319552665     
   1.0809999999998281E-004  0.42719112311002533     
   1.0819999999998276E-004  0.42713062417198733     
   1.0829999999998271E-004  0.42707006313895479     
   1.0839999999998266E-004  0.42700819781978183     
   1.0849999999998261E-004  0.42694599840164393     
   1.0859999999998255E-004  0.42688370341537268     
   1.0869999999998250E-004  0.42682191337196468     
   1.0879999999998245E-004  0.42676002210650915     
   1.0889999999998240E-004  0.42669835631428538     
   1.0899999999998235E-004  0.42663644718337929     
   1.0909999999998230E-004  0.42657460916756479     
   1.0919999999998224E-004  0.42651291980671568     
   1.0929999999998219E-004  0.42645152286453986     
   1.0939999999998214E-004  0.42639026749773756     
   1.0949999999998209E-004  0.42632926158416529     
   1.0959999999998204E-004  0.42626874682783167     
   1.0969999999998199E-004  0.42620869685050616     
   1.0979999999998193E-004  0.42614894596559744     
   1.0989999999998188E-004  0.42608950179640387     
   1.0999999999998183E-004  0.42603046157465330     
   1.1009999999998178E-004  0.42597184079053280     
   1.1019999999998173E-004  0.42591303963583599     
   1.1029999999998167E-004  0.42585434831169516     
   1.1039999999998162E-004  0.42579548419709395     
   1.1049999999998157E-004  0.42573638417810983     
   1.1059999999998152E-004  0.42567690255504864     
   1.1069999999998147E-004  0.42561718515001024     
   1.1079999999998142E-004  0.42555758161973617     
   1.1089999999998136E-004  0.42549810471442850     
   1.1099999999998131E-004  0.42543886083069749     
   1.1109999999998126E-004  0.42537989230241030     
   1.1119999999998121E-004  0.42532105519636415     
   1.1129999999998116E-004  0.42526229405212723     
   1.1139999999998111E-004  0.42520360576905847     
   1.1149999999998105E-004  0.42514478401614930     
   1.1159999999998100E-004  0.42508583045222170     
   1.1169999999998095E-004  0.42502632445844696     
   1.1179999999998090E-004  0.42496701215914212     
   1.1189999999998085E-004  0.42490770022031477     
   1.1199999999998079E-004  0.42484801491598856     
   1.1209999999998074E-004  0.42478797843523775     
   1.1219999999998069E-004  0.42472763899703880     
   1.1229999999998064E-004  0.42466718351955929     
   1.1239999999998059E-004  0.42460682631643948     
   1.1249999999998054E-004  0.42454648803470063     
   1.1259999999998048E-004  0.42448631083188787     
   1.1269999999998043E-004  0.42442589906757078     
   1.1279999999998038E-004  0.42436536621276638     
   1.1289999999998033E-004  0.42430460202459092     
   1.1299999999998028E-004  0.42424371312861886     
   1.1309999999998022E-004  0.42418271337759411     
   1.1319999999998017E-004  0.42412164649070216     
   1.1329999999998012E-004  0.42406029782737481     
   1.1339999999998007E-004  0.42399901806201545     
   1.1349999999998002E-004  0.42393780415456050     
   1.1359999999997997E-004  0.42387624435941673     
   1.1369999999997991E-004  0.42381410799902208     
   1.1379999999997986E-004  0.42375167976335004     
   1.1389999999997981E-004  0.42368899197684612     
   1.1399999999997976E-004  0.42362617086761239     
   1.1409999999997971E-004  0.42356344393272699     
   1.1419999999997966E-004  0.42350045038300577     
   1.1429999999997960E-004  0.42343725814948552     
   1.1439999999997955E-004  0.42337382555808412     
   1.1449999999997950E-004  0.42330997082393101     
   1.1459999999997945E-004  0.42324580455752542     
   1.1469999999997940E-004  0.42318147624831309     
   1.1479999999997934E-004  0.42311724123620781     
   1.1489999999997929E-004  0.42305317059494424     
   1.1499999999997924E-004  0.42298938757735022     
   1.1509999999997919E-004  0.42292550927644357     
   1.1519999999997914E-004  0.42286151939752059     
   1.1529999999997909E-004  0.42279760103871145     
   1.1539999999997903E-004  0.42273340104417989     
   1.1549999999997898E-004  0.42266849699711884     
   1.1559999999997893E-004  0.42260333542867129     
   1.1569999999997888E-004  0.42253787890724004     
   1.1579999999997883E-004  0.42247217889924998     
   1.1589999999997877E-004  0.42240628810911501     
   1.1599999999997872E-004  0.42234029275888302     
   1.1609999999997867E-004  0.42227401948391763     
   1.1619999999997862E-004  0.42220738013159065     
   1.1629999999997857E-004  0.42214046232526053     
   1.1639999999997852E-004  0.42207312461665419     
   1.1649999999997846E-004  0.42200544647632721     
   1.1659999999997841E-004  0.42193747729833042     
   1.1669999999997836E-004  0.42186920508165954     
   1.1679999999997831E-004  0.42180080068729131     
   1.1689999999997826E-004  0.42173233597044812     
   1.1699999999997821E-004  0.42166326985803620     
   1.1709999999997815E-004  0.42159327868408630     
   1.1719999999997810E-004  0.42152248612009480     
   1.1729999999997805E-004  0.42145170550899169     
   1.1739999999997800E-004  0.42138056372975402     
   1.1749999999997795E-004  0.42130916991031608     
   1.1759999999997789E-004  0.42123756262789513     
   1.1769999999997784E-004  0.42116569859765857     
   1.1779999999997779E-004  0.42109379501515459     
   1.1789999999997774E-004  0.42102197485064680     
   1.1799999999997769E-004  0.42095005219399623     
   1.1809999999997764E-004  0.42087799365923800     
   1.1819999999997758E-004  0.42080594924655063     
   1.1829999999997753E-004  0.42073239650434191     
   1.1839999999997748E-004  0.42065841531729248     
   1.1849999999997743E-004  0.42058413104709957     
   1.1859999999997738E-004  0.42050955773169951     
   1.1869999999997733E-004  0.42043445557934916     
   1.1879999999997727E-004  0.42035908022231327     
   1.1889999999997722E-004  0.42028324502346037     
   1.1899999999997717E-004  0.42020731383010007     
   1.1909999999997712E-004  0.42013165142453240     
   1.1919999999997707E-004  0.42005592171111666     
   1.1929999999997701E-004  0.41997995908710839     
   1.1939999999997696E-004  0.41990379298043556     
   1.1949999999997691E-004  0.41982787104343949     
   1.1959999999997686E-004  0.41975167248001294     
   1.1969999999997681E-004  0.41967514026265651     
   1.1979999999997676E-004  0.41959850327430465     
   1.1989999999997670E-004  0.41952184309141222     
   1.1999999999997665E-004  0.41944525500299268     
