# RMS shrinking factor for the case B18Ra10CT10  
  1.09999999999999979E-007  0.99999971365690232     
  2.10000000000000080E-007  0.99999942019225097     
  3.10000000000000155E-007  0.99999911948867481     
  4.10000000000000257E-007  0.99999881142818159     
  5.10000000000000305E-007  0.99999849589183143     
  6.10000000000000407E-007  0.99999768812990097     
  7.10000000000000508E-007  0.99999242380075115     
  8.10000000000000609E-007  0.99998703812935119     
  9.10000000000000711E-007  0.99998152671769047     
  1.01000000000000028E-006  0.99997588763993328     
  1.10999999999999933E-006  0.99997011940295755     
  1.20999999999999837E-006  0.99996422094443072     
  1.30999999999999741E-006  0.99996380554197539     
  1.40999999999999645E-006  0.99996338023177678     
  1.50999999999999550E-006  0.99996294542463671     
  1.60999999999999454E-006  0.99996250092793471     
  1.70999999999999358E-006  0.99996204659648280     
  1.80999999999999262E-006  0.99996158228572585     
  1.90999999999999188E-006  0.99995474852547939     
  2.00999999999999092E-006  0.99994777125574208     
  2.10999999999998996E-006  0.99994064516000891     
  2.20999999999998901E-006  0.99993336652237663     
  2.30999999999998805E-006  0.99992593503631111     
  2.40999999999998709E-006  0.99991835069206925     
  2.50999999999998613E-006  0.99991704701287543     
  2.60999999999998518E-006  0.99991643799738539     
  2.70999999999998422E-006  0.99991581654976902     
  2.80999999999998326E-006  0.99991518238870447     
  2.90999999999998230E-006  0.99991453532837760     
  3.00999999999998135E-006  0.99991387513800212     
  3.10999999999998039E-006  0.99990597198176123     
  3.20999999999997943E-006  0.99989710048279978     
  3.30999999999997847E-006  0.99988805447356854     
  3.40999999999997752E-006  0.99987883247130693     
  3.50999999999997656E-006  0.99986943224620972     
  3.60999999999997560E-006  0.99985985154026469     
  3.70999999999997464E-006  0.99985724369879603     
  3.80999999999997369E-006  0.99985639045054697     
  3.90999999999997273E-006  0.99985552117352006     
  4.00999999999997177E-006  0.99985463545796616     
  4.10999999999997081E-006  0.99985373309146797     
  4.20999999999996986E-006  0.99985281386859837     
  4.30999999999996890E-006  0.99984393317403886     
  4.40999999999996794E-006  0.99983288791204661     
  4.50999999999996698E-006  0.99982164352958258     
  4.60999999999996603E-006  0.99981019732907095     
  4.70999999999996507E-006  0.99979854707656335     
  4.80999999999996411E-006  0.99978669080168414     
  4.90999999999996315E-006  0.99978229369436700     
  5.00999999999996220E-006  0.99978113126772339     
  5.10999999999996124E-006  0.99977994876478327     
  5.20999999999996028E-006  0.99977874553484902     
  5.30999999999995932E-006  0.99977752136336728     
  5.40999999999995837E-006  0.99977627600201324     
  5.50999999999995741E-006  0.99976777735420352     
  5.60999999999995645E-006  0.99975427745634626     
  5.70999999999995549E-006  0.99974055433029585     
  5.80999999999995454E-006  0.99972660492554999     
  5.90999999999995358E-006  0.99971242479221256     
  6.00999999999995262E-006  0.99969801547086357     
  6.10999999999995166E-006  0.99969126876703274     
  6.20999999999995071E-006  0.99968971390375627     
  6.30999999999994975E-006  0.99968813440443793     
  6.40999999999994879E-006  0.99968652896931520     
  6.50999999999994784E-006  0.99968489730765719     
  6.60999999999994688E-006  0.99968323914051949     
  6.70999999999994592E-006  0.99967433691211460     
  6.80999999999994496E-006  0.99965801444424951     
  6.90999999999994401E-006  0.99964143774040903     
  7.00999999999994305E-006  0.99962460186090851     
  7.10999999999994209E-006  0.99960750258744313     
  7.20999999999994113E-006  0.99959014090264353     
  7.30999999999994018E-006  0.99958034946987662     
  7.40999999999993922E-006  0.99957830383544655     
  7.50999999999993826E-006  0.99957622484088182     
  7.60999999999993730E-006  0.99957411382029837     
  7.70999999999993635E-006  0.99957197044598056     
  7.80999999999993539E-006  0.99956979442060534     
  7.90999999999993443E-006  0.99956074642083192     
  8.00999999999993347E-006  0.99954123969922404     
  8.10999999999993252E-006  0.99952144814958177     
  8.20999999999993156E-006  0.99950136950076685     
  8.30999999999993060E-006  0.99948099655130795     
  8.40999999999992964E-006  0.99946033674690593     
  8.50999999999992869E-006  0.99944675522494353     
  8.60999999999992773E-006  0.99944410129106143     
  8.70999999999992677E-006  0.99944141180708446     
  8.80999999999992581E-006  0.99943868349040921     
  8.90999999999992486E-006  0.99943591577454827     
  9.00999999999992390E-006  0.99943310795193807     
  9.10999999999992294E-006  0.99942426393920214     
  9.20999999999992198E-006  0.99940117408409979     
  9.30999999999992103E-006  0.99937778019285328     
  9.40999999999992007E-006  0.99935406420440320     
  9.50999999999991911E-006  0.99933001736416016     
  9.60999999999991815E-006  0.99930564212004769     
  9.70999999999991720E-006  0.99928736945707575     
  9.80999999999991624E-006  0.99928398378002592     
  9.90999999999991528E-006  0.99928054151645707     
  1.00099999999999143E-005  0.99927705254454580     
  1.01099999999999134E-005  0.99927351644901363     
  1.02099999999999124E-005  0.99926993261833819     
  1.03099999999999115E-005  0.99926165861418237     
  1.04099999999999105E-005  0.99923465867555317     
  1.05099999999999095E-005  0.99920730340840080     
  1.06099999999999086E-005  0.99917959316141192     
  1.07099999999999076E-005  0.99915152408732832     
  1.08099999999999067E-005  0.99912309760515772     
  1.09099999999999057E-005  0.99909675621528893     
  1.10099999999999048E-005  0.99909249963348135     
  1.11099999999999038E-005  0.99908816168752324     
  1.12099999999999028E-005  0.99908376798101883     
  1.13099999999999019E-005  0.99907931764653513     
  1.14099999999999009E-005  0.99907481007418886     
  1.15099999999999000E-005  0.99906761396338439     
  1.16099999999998990E-005  0.99903623005098263     
  1.17099999999998980E-005  0.99900449809860004     
  1.18099999999998971E-005  0.99897238988775949     
  1.19099999999998961E-005  0.99893989262374050     
  1.20099999999998952E-005  0.99890699470092825     
  1.21099999999998942E-005  0.99887369502732615     
  1.22099999999998933E-005  0.99886835190851653     
  1.23099999999998923E-005  0.99886293830417239     
  1.24099999999998913E-005  0.99885745777099688     
  1.25099999999998904E-005  0.99885190927128598     
  1.26099999999998894E-005  0.99884629285440252     
  1.27099999999998885E-005  0.99884060828131538     
  1.28099999999998875E-005  0.99880453117120627     
  1.29099999999998866E-005  0.99876804111609097     
  1.30099999999998856E-005  0.99873112788476748     
  1.31099999999998846E-005  0.99869379643543765     
  1.32099999999998837E-005  0.99865603023769189     
  1.33099999999998827E-005  0.99861782496154894     
  1.34099999999998818E-005  0.99860803911164020     
  1.35099999999998808E-005  0.99860135697363872     
  1.36099999999998799E-005  0.99859459646277449     
  1.37099999999998789E-005  0.99858775699481939     
  1.38099999999998779E-005  0.99858083816620125     
  1.39099999999998770E-005  0.99857383832702851     
  1.40099999999998760E-005  0.99853601916444912     
  1.41099999999998751E-005  0.99849435907763284     
  1.42099999999998741E-005  0.99845223729826893     
  1.43099999999998732E-005  0.99840965561489414     
  1.44099999999998722E-005  0.99836661853360786     
  1.45099999999998712E-005  0.99832312627222741     
  1.46099999999998703E-005  0.99830790577833428     
  1.47099999999998693E-005  0.99829973476335954     
  1.48099999999998684E-005  0.99829147352402359     
  1.49099999999998674E-005  0.99828312043030820     
  1.50099999999998665E-005  0.99827467513671198     
  1.51099999999998655E-005  0.99826613649062446     
  1.52099999999998645E-005  0.99823082178997879     
  1.53099999999998721E-005  0.99818364163347306     
  1.54099999999998880E-005  0.99813596658813186     
  1.55099999999999040E-005  0.99808779536369130     
  1.56099999999999200E-005  0.99803913598098748     
  1.57099999999999360E-005  0.99798999043017811     
  1.58099999999999520E-005  0.99796829140064081     
  1.59099999999999680E-005  0.99795839238101147     
  1.60099999999999839E-005  0.99794838884937032     
  1.61099999999999999E-005  0.99793827783691214     
  1.62100000000000159E-005  0.99792805932625295     
  1.63100000000000319E-005  0.99791773296638675     
  1.64100000000000479E-005  0.99788196165086929     
  1.65100000000000638E-005  0.99782888948820092     
  1.66100000000000798E-005  0.99777529273812027     
  1.67100000000000958E-005  0.99772115693602703     
  1.68100000000001118E-005  0.99766649173036803     
  1.69100000000001278E-005  0.99761128930669007     
  1.70100000000001438E-005  0.99758199591154606     
  1.71100000000001597E-005  0.99757010655409040     
  1.72100000000001757E-005  0.99755809999097333     
  1.73100000000001917E-005  0.99754597095757680     
  1.74100000000002077E-005  0.99753371890245990     
  1.75100000000002237E-005  0.99752134319203301     
  1.76100000000002397E-005  0.99748565400911304     
  1.77100000000002556E-005  0.99742632122535868     
  1.78100000000002716E-005  0.99736644191446266     
  1.79100000000002876E-005  0.99730600192430297     
  1.80100000000003036E-005  0.99724500573584451     
  1.81100000000003196E-005  0.99718343124470954     
  1.82100000000003356E-005  0.99714540601525259     
  1.83100000000003515E-005  0.99713125161827743     
  1.84100000000003675E-005  0.99711695169924452     
  1.85100000000003835E-005  0.99710251222690982     
  1.86100000000003995E-005  0.99708793218844982     
  1.87100000000004155E-005  0.99707321136932714     
  1.88100000000004315E-005  0.99703809266515364     
  1.89100000000004474E-005  0.99697218612268967     
  1.90100000000004634E-005  0.99690568917604738     
  1.91100000000004794E-005  0.99683859733304814     
  1.92100000000004954E-005  0.99677090660508105     
  1.93100000000005114E-005  0.99670263399755743     
  1.94100000000005274E-005  0.99665472233600572     
  1.95100000000005433E-005  0.99663790639999073     
  1.96100000000005593E-005  0.99662094544209945     
  1.97100000000005753E-005  0.99660382732479269     
  1.98100000000005913E-005  0.99658654869483998     
  1.99100000000006073E-005  0.99656910722297365     
  2.00100000000006233E-005  0.99653503178469094     
  2.01100000000006392E-005  0.99646195808894689     
  2.02100000000006552E-005  0.99638830348350971     
  2.03100000000006712E-005  0.99631401921495955     
  2.04100000000006872E-005  0.99623911985508828     
  2.05100000000007032E-005  0.99616356498243541     
  2.06100000000007192E-005  0.99609878223993908     
  2.07100000000007351E-005  0.99607898030082132     
  2.08100000000007511E-005  0.99605903152772757     
  2.09100000000007671E-005  0.99603890830047270     
  2.10100000000007831E-005  0.99601860788821783     
  2.11100000000007991E-005  0.99599812657009823     
  2.12100000000008151E-005  0.99596558956229653     
  2.13100000000008310E-005  0.99588534514920357     
  2.14100000000008470E-005  0.99580441436800349     
  2.15100000000008630E-005  0.99572281209730806     
  2.16100000000008790E-005  0.99564055453809674     
  2.17100000000008950E-005  0.99555763420034660     
  2.18100000000009110E-005  0.99548005259209793     
  2.19100000000009269E-005  0.99545703364336291     
  2.20100000000009429E-005  0.99543372831414667     
  2.21100000000009589E-005  0.99541021594960444     
  2.22100000000009749E-005  0.99538649922495359     
  2.23100000000009909E-005  0.99536258169009273     
  2.24100000000010069E-005  0.99533221996759269     
  2.25100000000010228E-005  0.99524429697871797     
  2.26100000000010388E-005  0.99515581176384904     
  2.27100000000010548E-005  0.99506666759506068     
  2.28100000000010708E-005  0.99497684989529989     
  2.29100000000010868E-005  0.99488633549724459     
  2.30100000000011028E-005  0.99479514380767831     
  2.31100000000011187E-005  0.99476833364022066     
  2.32100000000011347E-005  0.99474128829528863     
  2.33100000000011507E-005  0.99471401807340387     
  2.34100000000011667E-005  0.99468652283651060     
  2.35100000000011827E-005  0.99465880263435447     
  2.36100000000011987E-005  0.99463085528493711     
  2.37100000000012146E-005  0.99453522289860774     
  2.38100000000012306E-005  0.99443890546835312     
  2.39100000000012466E-005  0.99434189071415957     
  2.40100000000012626E-005  0.99424419566539812     
  2.41100000000012786E-005  0.99414582338189039     
  2.42100000000012946E-005  0.99404674837018692     
  2.43100000000013105E-005  0.99400888659768383     
  2.44100000000013265E-005  0.99397761581270450     
  2.45100000000013425E-005  0.99394609887484975     
  2.46100000000013585E-005  0.99391433099447191     
  2.47100000000013745E-005  0.99388231112666015     
  2.48100000000013905E-005  0.99385003877688782     
  2.49100000000014064E-005  0.99376057707435672     
  2.50100000000014224E-005  0.99365624002829978     
  2.51100000000014384E-005  0.99355116831300738     
  2.52100000000014544E-005  0.99344534418662123     
  2.53100000000014704E-005  0.99333880535504837     
  2.54100000000014864E-005  0.99323155219259873     
  2.55100000000015023E-005  0.99318150991039600     
  2.56100000000015183E-005  0.99314559460361507     
  2.57100000000015343E-005  0.99310940503834499     
  2.58100000000015503E-005  0.99307293580456590     
  2.59100000000015663E-005  0.99303618503593860     
  2.60100000000015823E-005  0.99299915172772979     
  2.61100000000015982E-005  0.99290959131271228     
  2.62100000000016142E-005  0.99279695325111750     
  2.63100000000016302E-005  0.99268354088354449     
  2.64100000000016462E-005  0.99256934513188610     
  2.65100000000016622E-005  0.99245439077763609     
  2.66100000000016782E-005  0.99233870966514315     
  2.67100000000016941E-005  0.99227527751540678     
  2.68100000000017101E-005  0.99223415522001879     
  2.69100000000017261E-005  0.99219272457492780     
  2.70100000000017421E-005  0.99215097996568280     
  2.71100000000017581E-005  0.99210893498248620     
  2.72100000000017741E-005  0.99206659528693464     
  2.73100000000017900E-005  0.99197722080963113     
  2.74100000000018060E-005  0.99185603754704443     
  2.75100000000018220E-005  0.99173405479797372     
  2.76100000000018380E-005  0.99161123758344427     
  2.77100000000018540E-005  0.99148760734603958     
  2.78100000000018700E-005  0.99136321896660085     
  2.79100000000018859E-005  0.99128526521712601     
  2.80100000000019019E-005  0.99123830059514195     
  2.81100000000019179E-005  0.99119099811195677     
  2.82100000000019339E-005  0.99114334483276267     
  2.83100000000019499E-005  0.99109534475603434     
  2.84100000000019659E-005  0.99104700517596922     
  2.85100000000019818E-005  0.99095797984549472     
  2.86100000000019978E-005  0.99082786395750155     
  2.87100000000020138E-005  0.99069695370638122     
  2.88100000000020298E-005  0.99056522218305565     
  2.89100000000020458E-005  0.99043259640949888     
  2.90100000000020618E-005  0.99029913044282658     
  2.91100000000020777E-005  0.99020555785229047     
  2.92100000000020937E-005  0.99015222111579315     
  2.93100000000021097E-005  0.99009849156289398     
  2.94100000000021257E-005  0.99004438595275446     
  2.95100000000021417E-005  0.98998989891318256     
  2.96100000000021577E-005  0.98993502423940449     
  2.97100000000021736E-005  0.98984646124351006     
  2.98100000000021896E-005  0.98970730976515975     
  2.99100000000022056E-005  0.98956734848371031     
  3.00100000000022216E-005  0.98942656417463615     
  3.01100000000022376E-005  0.98928494075355322     
  3.02100000000022536E-005  0.98914248841809826     
  3.03100000000022695E-005  0.98902420445834571     
  3.04100000000022855E-005  0.98896392530068822     
  3.05100000000023015E-005  0.98890315138127649     
  3.06100000000023175E-005  0.98884198903781417     
  3.07100000000023335E-005  0.98878042122377618     
  3.08100000000023495E-005  0.98871844367728989     
  3.09100000000023654E-005  0.98863064487588315     
  3.10100000000023814E-005  0.98848244910601313     
  3.11100000000023974E-005  0.98833344125612344     
  3.12100000000024134E-005  0.98818352756859340     
  3.13100000000024294E-005  0.98803272492649352     
  3.14100000000024453E-005  0.98788105344072541     
  3.15100000000024613E-005  0.98774563013055816     
  3.16100000000024773E-005  0.98767741057871128     
  3.17100000000024933E-005  0.98760884296194973     
  3.18100000000025093E-005  0.98753984020970631     
  3.19100000000025253E-005  0.98747040042625234     
  3.20100000000025412E-005  0.98740052137139855     
  3.21100000000025572E-005  0.98731285532256707     
  3.22100000000025732E-005  0.98715569634430422     
  3.23100000000025892E-005  0.98699755427565639     
  3.24100000000026052E-005  0.98683852750045431     
  3.25100000000026212E-005  0.98667857875934228     
  3.26100000000026371E-005  0.98651774995591446     
  3.27100000000026531E-005  0.98636443343658187     
  3.28100000000026691E-005  0.98628804630398270     
  3.29100000000026851E-005  0.98621096221970705     
  3.30100000000027011E-005  0.98613338603964340     
  3.31100000000027171E-005  0.98605532119666917     
  3.32100000000027330E-005  0.98597674847264172     
  3.33100000000027490E-005  0.98588921503226190     
  3.34100000000027650E-005  0.98572267246717216     
  3.35100000000027810E-005  0.98555532180124961     
  3.36100000000027970E-005  0.98538701967437647     
  3.37100000000028130E-005  0.98521782752874831     
  3.38100000000028289E-005  0.98504766554707268     
  3.39100000000028449E-005  0.98487653600890501     
  3.40100000000028609E-005  0.98479066844685892     
  3.41100000000028769E-005  0.98470421126304464     
  3.42100000000028929E-005  0.98461718060452852     
  3.43100000000029089E-005  0.98452959860228606     
  3.44100000000029248E-005  0.98444143407857743     
  3.45100000000029408E-005  0.98435269911763190     
  3.46100000000029568E-005  0.98418569315324289     
  3.47100000000029728E-005  0.98400899373113437     
  3.48100000000029888E-005  0.98383131834618165     
  3.49100000000030048E-005  0.98365262390758046     
  3.50100000000030207E-005  0.98347296846326759     
  3.51100000000030367E-005  0.98329240431610643     
  3.52100000000030527E-005  0.98318779823774149     
  3.53100000000030687E-005  0.98309103212004856     
  3.54100000000030847E-005  0.98299361707820099     
  3.55100000000031007E-005  0.98289557984993281     
  3.56100000000031166E-005  0.98279689138887794     
  3.57100000000031326E-005  0.98269755033401973     
  3.58100000000031486E-005  0.98253001327737943     
  3.59100000000031646E-005  0.98234431199148708     
  3.60100000000031806E-005  0.98215744998351417     
  3.61100000000031966E-005  0.98196950702916252     
  3.62100000000032125E-005  0.98178048590423628     
  3.63100000000032285E-005  0.98159037048511943     
  3.64100000000032445E-005  0.98146624507146463     
  3.65100000000032605E-005  0.98135805150515576     
  3.66100000000032765E-005  0.98124910961909906     
  3.67100000000032925E-005  0.98113944497758931     
  3.68100000000033084E-005  0.98102905017179076     
  3.69100000000033244E-005  0.98091787150409815     
  3.70100000000033404E-005  0.98074898121503862     
  3.71100000000033564E-005  0.98055433670361836     
  3.72100000000033724E-005  0.98035828664190605     
  3.73100000000033884E-005  0.98016082613652789     
  3.74100000000034043E-005  0.97996198458372152     
  3.75100000000034203E-005  0.97976188969607403     
  3.76100000000034363E-005  0.97961735291944996     
  3.77100000000034523E-005  0.97949612377198458     
  3.78100000000034683E-005  0.97937388863245722     
  3.79100000000034843E-005  0.97925075959355978     
  3.80100000000035002E-005  0.97912667355009664     
  3.81100000000035162E-005  0.97900163959663511     
  3.82100000000035322E-005  0.97882934293931023     
  3.83100000000035482E-005  0.97862479486960319     
  3.84100000000035642E-005  0.97841869954429750     
  3.85100000000035802E-005  0.97821109228010739     
  3.86100000000035961E-005  0.97800210726361159     
  3.87100000000036121E-005  0.97779176132863743     
  3.88100000000036281E-005  0.97762510217027931     
  3.89100000000036441E-005  0.97748702930039377     
  3.90100000000036601E-005  0.97734772233181111     
  3.91100000000036761E-005  0.97720707169941812     
  3.92100000000036920E-005  0.97706513812683071     
  3.93100000000037080E-005  0.97692186599804298     
  3.94100000000037240E-005  0.97674233507058583     
  3.95100000000037400E-005  0.97652626916890528     
  3.96100000000037560E-005  0.97630855644013370     
  3.97100000000037720E-005  0.97608913974102229     
  3.98100000000037879E-005  0.97586819856866536     
  3.99100000000038039E-005  0.97564572898760205     
  4.00100000000038199E-005  0.97544849264939737     
  4.01100000000038359E-005  0.97528952364508070     
  4.02100000000038519E-005  0.97512863832140584     
  4.03100000000038679E-005  0.97496479468469821     
  4.04100000000038838E-005  0.97478869288314762     
  4.05100000000038998E-005  0.97459142649519237     
  4.06100000000039158E-005  0.97431510722761683     
  4.07100000000039318E-005  0.97391205140929671     
  4.08100000000039478E-005  0.97339409870149440     
  4.09100000000039638E-005  0.97270444711426796     
  4.10100000000039797E-005  0.97154109901285790     
  4.11100000000039957E-005  0.96957526353632939     
  4.12100000000040117E-005  0.96600921944062113     
  4.13091752076988339E-005  0.96036570807790445     
  4.13833096031248146E-005  0.95444937542592201     
  4.14366263411696789E-005  0.94901147938358599     
  4.14788615961949076E-005  0.94392975504941656     
  4.15139554097629552E-005  0.93926352043497663     
  4.15442542146119133E-005  0.93496823720903421     
  4.15712255822223208E-005  0.93097158141862013     
  4.15957977486401001E-005  0.92720718127526858     
  4.16186148221098429E-005  0.92360302238433467     
  4.16401325435832064E-005  0.92012789772799364     
  4.16606958763290103E-005  0.91676743480270317     
  4.16805780246246185E-005  0.91344695143679455     
  4.17000032002064341E-005  0.91014225833278273     
  4.17191612240101604E-005  0.90685464897602364     
  4.17382301381239636E-005  0.90355697536685209     
  4.17573688414923762E-005  0.90022188198299413     
  4.17767304549823226E-005  0.89680509725913038     
  4.17961238205842968E-005  0.89213862580233549     
  4.18154429868311284E-005  0.88802706735677694     
  4.18350323356705335E-005  0.88421651230835252     
  4.18549948710846123E-005  0.88043010602531202     
  4.18754383584197482E-005  0.87662542496358931     
  4.18962780149611434E-005  0.87281896238808687     
  4.19166815512968548E-005  0.86909484344986720     
  4.19366511737832701E-005  0.86543442260962988     
  4.19562997458389450E-005  0.86181376747471561     
  4.19757385708037286E-005  0.85816987864239747     
  4.19947895746940024E-005  0.85447269589366626     
  4.20130293789909858E-005  0.85085275259701942     
  4.20306399104666793E-005  0.84739032382132617     
  4.20477859031210903E-005  0.84409233611780843     
  4.20646071309546576E-005  0.84094910441397497     
  4.20812263632563719E-005  0.83792972284055756     
  4.20977518235121718E-005  0.83507225448180888     
  4.21142860872309555E-005  0.83236804432310052     
  4.21309306724338041E-005  0.82981965230876431     
  4.21477833485179776E-005  0.82740375065840799     
  4.21649430935981616E-005  0.82508778887707068     
  4.21825146208676386E-005  0.82279864460386509     
  4.22006136182190238E-005  0.82060688750874078     
  4.22191889509958512E-005  0.81849035105791412     
  4.22373073936515509E-005  0.81661398891733505     
  4.22549253583005840E-005  0.81498171392386809     
  4.22721570846114567E-005  0.81353951266980529     
  4.22891051171850449E-005  0.81226482359107133     
  4.23058640013795447E-005  0.81115226607543978     
  4.23225217511900961E-005  0.81019507078887421     
  4.23391665974976947E-005  0.80935895387636070     
  4.23558837485214762E-005  0.80861069281396170     
  4.23727592304179692E-005  0.80792974314254651     
  4.23898825838788684E-005  0.80731853125323838     
  4.24071841546798907E-005  0.80472328736882814     
  4.24248098577053646E-005  0.80364328210935410     
  4.24429205141351766E-005  0.80289979499090269     
  4.24616229899276904E-005  0.80226250947064426     
  4.24810286552618541E-005  0.80167220504401915     
  4.25012623818574436E-005  0.80112714543179009     
  4.25224533897351832E-005  0.80062395588064139     
  4.25447475407027717E-005  0.80016921462556612     
  4.25683135494038308E-005  0.79977344756876767     
  4.25933362499772132E-005  0.79939715887488727     
  4.26200348220654059E-005  0.79908791795990297     
  4.26486762001667788E-005  0.79881440774392376     
  4.26795584857150539E-005  0.79863138165293002     
  4.27130818595150119E-005  0.79853225409693707     
  4.27497296364806018E-005  0.79850506278145816     
  4.27901518370505369E-005  0.79855760253418995     
  4.28352087265941673E-005  0.79870388363732669     
  4.28858094840653159E-005  0.79891043638273362     
  4.29413656786672049E-005  0.79920744723365100     
  4.30027003922802575E-005  0.79920673658648711     
  4.30687065613155200E-005  0.79819914617349030     
  4.31426084789001611E-005  0.79843653492303290     
  4.32258012314087488E-005  0.79901246664610470     
  4.33198659196733842E-005  0.79978009564170760     
  4.34198659196734002E-005  0.80063654429021480     
  4.35198659196734162E-005  0.80147613963166076     
  4.36198659196734322E-005  0.80172733588525247     
  4.37198659196734481E-005  0.80104266361655574     
  4.38198659196734641E-005  0.80117617164693133     
  4.39198659196734801E-005  0.80157144394892188     
  4.40198659196734961E-005  0.80207351815889405     
  4.41198659196735121E-005  0.80262014855494301     
  4.42198659196735281E-005  0.80301075074290640     
  4.43198659196735440E-005  0.80245376181957329     
  4.44198659196735600E-005  0.80260025531251578     
  4.45198659196735760E-005  0.80304266260456469     
  4.46198659196735920E-005  0.80361760521206138     
  4.47198659196736080E-005  0.80425835471573504     
  4.48198659196736240E-005  0.80471063002812238     
  4.49198659196736399E-005  0.80407789219766457     
  4.50198659196736559E-005  0.80419438997387493     
  4.51198659196736719E-005  0.80455688374829859     
  4.52198659196736879E-005  0.80498313748199024     
  4.53198659196737039E-005  0.80539978664267120     
  4.54198659196737199E-005  0.80576799515551512     
  4.55183612900699982E-005  0.80417716427338126     
  4.56037361706621399E-005  0.80378746226971121     
  4.56822562073396735E-005  0.80349008483808126     
  4.57595807011322879E-005  0.80309044709154565     
  4.58350557401690357E-005  0.80254046579528848     
  4.59137499091632895E-005  0.80178417445988626     
  4.60006565824698036E-005  0.80082447069376517     
  4.60990213636671087E-005  0.79777661655394694     
  4.61989566605037111E-005  0.79584821361462776     
  4.62913050837721773E-005  0.79428740141107435     
  4.63764622683573053E-005  0.79294437384017258     
  4.64601830049525877E-005  0.79164801628076586     
  4.65466883196208014E-005  0.79035244312778830     
  4.66396095357851659E-005  0.78870633504196219     
  4.67380937537536809E-005  0.78589811012045374     
  4.68380937537536969E-005  0.78420588554726434     
  4.69380937537537129E-005  0.78287874207388575     
  4.70380937537537289E-005  0.78173840703273223     
  4.71380937537537449E-005  0.78073491974279818     
  4.72380937537537608E-005  0.77986260575954125     
  4.73380937537537768E-005  0.77775727052685117     
  4.74380937537537928E-005  0.77646612313293806     
  4.75380937537538088E-005  0.77551662645426112     
  4.76380937537538248E-005  0.77473944187992139     
  4.77380937537538408E-005  0.77407268573163446     
  4.78380937537538567E-005  0.77348939712843301     
  4.79380937537538727E-005  0.77180604255960761     
  4.80380937537538887E-005  0.77075413764239231     
  4.81380937537539047E-005  0.76997084141263483     
  4.82380937537539207E-005  0.76930132305877053     
  4.83380937537539367E-005  0.76869630502986164     
  4.84380937537539526E-005  0.76814575535463225     
  4.85380937537539686E-005  0.76638021160215930     
  4.86380937537539846E-005  0.76521172905399226     
  4.87380937537540006E-005  0.76436764988896122     
  4.88380937537540166E-005  0.76365086974079621     
  4.89380937537540326E-005  0.76300525628592486     
  4.90380937537540485E-005  0.76242722065704394     
  4.91380937537540645E-005  0.76059435280098653     
  4.92380937537540805E-005  0.75944283942573509     
  4.93380937537540965E-005  0.75856257304514563     
  4.94380937537541125E-005  0.75783292319129714     
  4.95380937537541285E-005  0.75718864143209075     
  4.96380937537541444E-005  0.75655855873580113     
  4.97380937537541604E-005  0.75465842738338229     
  4.98380937537541764E-005  0.75340657673146483     
  4.99380937537541924E-005  0.75253281002908790     
  5.00380937537542084E-005  0.75183135483675301     
  5.01380937537542244E-005  0.75121557831620922     
  5.02380937537542403E-005  0.75067803632068009     
  5.03380937537542563E-005  0.74906183921548430     
  5.04380937537542723E-005  0.74786666624021947     
  5.05380937537542883E-005  0.74701704873070329     
  5.06380937537543043E-005  0.74631111982409404     
  5.07380937537543203E-005  0.74567791364195668     
  5.08380937537543362E-005  0.74506911707375134     
  5.09380937537543522E-005  0.74347632000450881     
  5.10380937537543682E-005  0.74217840014742109     
  5.11380937537543842E-005  0.74119471635476541     
  5.12380937537544002E-005  0.74040415814703398     
  5.13380937537544162E-005  0.73967447017276422     
  5.14380937537544321E-005  0.73903513551778133     
  5.15380937537544481E-005  0.73746951799536442     
  5.16380937537544641E-005  0.73634602908778501     
  5.17380937537544801E-005  0.73552333882490173     
  5.18380937537544961E-005  0.73481897462242274     
  5.19380937537545120E-005  0.73420303369963791     
  5.20380937537545280E-005  0.73362056744105297     
  5.21380937537545440E-005  0.73219694174725092     
  5.22380937537545600E-005  0.73093150641092974     
  5.23380937537545760E-005  0.73008388129337487     
  5.24380937537545920E-005  0.72938306176428369     
  5.25380937537546079E-005  0.72875274401394596     
  5.26380937537546239E-005  0.72814792884472235     
  5.27380937537546399E-005  0.72662784787935841     
  5.28380937537546559E-005  0.72517058521573763     
  5.29380937537546719E-005  0.72419990571053583     
  5.30380937537546879E-005  0.72343768714115941     
  5.31380937537547038E-005  0.72276810268265190     
  5.32380937537547198E-005  0.72216897477670183     
  5.33380937537547358E-005  0.72073509654605949     
  5.34380937537547518E-005  0.71933494299840817     
  5.35380937537547678E-005  0.71841688605177989     
  5.36380937537547838E-005  0.71773191044595097     
  5.37380937537547997E-005  0.71715446799302618     
  5.38380937537548157E-005  0.71663871269164070     
  5.39380937537548317E-005  0.71539502290952295     
  5.40380937537548477E-005  0.71403366260692136     
  5.41380937537548637E-005  0.71323141979684312     
  5.42380937537548797E-005  0.71260793973709136     
  5.43380937537548956E-005  0.71210317934049139     
  5.44380937537549116E-005  0.71166221881860714     
  5.45380937537549276E-005  0.71063428543326401     
  5.46380937537549436E-005  0.70942856630852902     
  5.47380937537549596E-005  0.70860264871429379     
  5.48380937537549756E-005  0.70792849786491896     
  5.49380937537549915E-005  0.70733325848675443     
  5.50380937537550075E-005  0.70680502516499277     
  5.51380937537550235E-005  0.70581375335127861     
  5.52380937537550395E-005  0.70436837117013962     
  5.53380937537550555E-005  0.70346225298657739     
  5.54380937537550715E-005  0.70270941350104266     
  5.55380937537550874E-005  0.70207040901656892     
  5.56380937537551034E-005  0.70148947416168872     
  5.57380937537551194E-005  0.70036288676375835     
  5.58380937537551354E-005  0.69881746397961741     
  5.59380937537551514E-005  0.69783882227318006     
  5.60380937537551674E-005  0.69709166248087673     
  5.61380937537551833E-005  0.69645105719961398     
  5.62380937537551993E-005  0.69593384123533308     
  5.63380937537552153E-005  0.69505013536518545     
  5.64380937537552313E-005  0.69343295206569866     
  5.65380937537552473E-005  0.69245508429824965     
  5.66380937537552633E-005  0.69169149289671028     
  5.67380937537552792E-005  0.69104245907453699     
  5.68380937537552952E-005  0.69048556962393293     
  5.69380937537553112E-005  0.68979661500657241     
  5.70380937537553272E-005  0.68791845629650494     
  5.71380937537553432E-005  0.68697665155288168     
  5.72380937537553592E-005  0.68633802232384655     
  5.73380937537553751E-005  0.68579678394847043     
  5.74380937537553911E-005  0.68534420429848419     
  5.75380937537554071E-005  0.68468869678244870     
  5.76380937537554231E-005  0.68289027745789121     
  5.77380937537554391E-005  0.68206141770059237     
  5.78380937537554551E-005  0.68149585043820715     
  5.79380937537554710E-005  0.68101598295683374     
  5.80380937537554870E-005  0.68055320504058137     
  5.81380937537555030E-005  0.68009361106550414     
  5.82380937537555190E-005  0.67794521819042153     
  5.83380937537555350E-005  0.67689019716419174     
  5.84380937537555510E-005  0.67620221050219387     
  5.85380937537555669E-005  0.67568280497426281     
  5.86380937537555829E-005  0.67525163992784865     
  5.87380937537555989E-005  0.67484941119109665     
  5.88380937537556149E-005  0.67287699872004669     
  5.89380937537556309E-005  0.67182491452387161     
  5.90380937537556469E-005  0.67109543028162444     
  5.91380937537556628E-005  0.67052094488244351     
  5.92380937537556788E-005  0.67003965629798512     
  5.93380937537556948E-005  0.66964174294475576     
  5.94380937537557108E-005  0.66766623929963598     
  5.95380937537557268E-005  0.66668222327637439     
  5.96380937537557428E-005  0.66606799639688641     
  5.97380937537557587E-005  0.66561872824465940     
  5.98380937537557747E-005  0.66523004372779082     
  5.99380937537557907E-005  0.66489089003163404     
  6.00380937537558067E-005  0.66285798954463504     
  6.01380937537558227E-005  0.66186104116092370     
  6.02380937537558387E-005  0.66115592085231223     
  6.03380937537558546E-005  0.66067714650342924     
  6.04380937537558706E-005  0.66028089742930929     
  6.05380937537558866E-005  0.65991490370869954     
  6.06380937537559026E-005  0.65818697802168225     
  6.07380937537559186E-005  0.65720401668738770     
  6.08380937537559346E-005  0.65655335458016073     
  6.09380937537559505E-005  0.65606001381337642     
  6.10380937537559597E-005  0.65567517724587254     
  6.11380937537559080E-005  0.65535512265238660     
  6.12380937537558562E-005  0.65343521058078713     
  6.13380937537558044E-005  0.65244341891866464     
  6.14380937537557526E-005  0.65181281646700151     
  6.15380937537557008E-005  0.65132185777196783     
  6.16380937537556491E-005  0.65095248470336842     
  6.17380937537555973E-005  0.65066715453411839     
  6.18380937537555455E-005  0.64873712968401509     
  6.19380937537554937E-005  0.64770593945476029     
  6.20380937537554420E-005  0.64713638644673965     
  6.21380937537553902E-005  0.64668044861040885     
  6.22380937537553384E-005  0.64631811989497390     
  6.23380937537552866E-005  0.64601405931335121     
  6.24380937537552348E-005  0.64437364423946153     
  6.25380937537551831E-005  0.64322027027426920     
  6.26380937537551313E-005  0.64252110268044693     
  6.27380937537550795E-005  0.64202892365754027     
  6.28380937537550277E-005  0.64164298358329397     
  6.29380937537549759E-005  0.64127493197599061     
  6.30380937537549242E-005  0.63951014226107250     
  6.31380937537548724E-005  0.63818483589488095     
  6.32380937537548206E-005  0.63743309084816790     
  6.33380937537547688E-005  0.63692278732184482     
  6.34380937537547170E-005  0.63645186832646250     
  6.35380937537546653E-005  0.63605210933249567     
  6.36380937537546135E-005  0.63429221973094130     
  6.37380937537545617E-005  0.63296869308590431     
  6.38380937537545099E-005  0.63222758961665082     
  6.39380937537544581E-005  0.63167706926411382     
  6.40380937537544064E-005  0.63123999873917869     
  6.41380937537543546E-005  0.63092730628065541     
  6.42380937537543028E-005  0.62923511996654102     
  6.43380937537542510E-005  0.62793120927727386     
  6.44352525808883630E-005  0.62725370107736589     
  6.45318750850854044E-005  0.62674753327485644     
  6.46316764684415503E-005  0.62632111269431712     
  6.47316764684414985E-005  0.62597914532347609     
  6.48316764684414467E-005  0.62444957225006914     
  6.49316764684413950E-005  0.62284818319773372     
  6.50316764684413432E-005  0.62201967024578242     
  6.51316764684412914E-005  0.62149144148874347     
  6.52316764684412396E-005  0.62109327576820361     
  6.53316764684411878E-005  0.62076084666453601     
  6.54316764684411361E-005  0.61958391807380786     
  6.55316764684410843E-005  0.61795120334184317     
  6.56316764684410325E-005  0.61718211666664091     
  6.57316764684409807E-005  0.61669456285962010     
  6.58316764684409289E-005  0.61633649769835186     
  6.59316764684408772E-005  0.61606801974663750     
  6.60316764684408254E-005  0.61517191795835902     
  6.61316764684407736E-005  0.61335505466680651     
  6.62316764684407218E-005  0.61252216064967890     
  6.63316764684406700E-005  0.61195613638280977     
  6.64316764684406183E-005  0.61147110881912037     
  6.65316764684405665E-005  0.61110950891943594     
  6.66316764684405147E-005  0.61017998479433699     
  6.67316764684404629E-005  0.60848753142933953     
  6.68316764684404112E-005  0.60769094753888042     
  6.69316764684403594E-005  0.60722196334131096     
  6.70312710483768201E-005  0.60682650603339705     
  6.71294082235694505E-005  0.60649936057498710     
  6.72287269064967608E-005  0.60579788236754972     
  6.73287269064967091E-005  0.60378290368144782     
  6.74287269064966573E-005  0.60297415110766461     
  6.75287269064966055E-005  0.60245004222729515     
  6.76287269064965537E-005  0.60206255622919480     
  6.77287269064965019E-005  0.60178574005609697     
  6.78287269064964502E-005  0.60155228252798532     
  6.79287269064963984E-005  0.59944258263711203     
  6.80287269064963466E-005  0.59858056042980967     
  6.81287269064962948E-005  0.59810089378703335     
  6.82287269064962430E-005  0.59766175513496467     
  6.83287269064961913E-005  0.59728616809048318     
  6.84287269064961395E-005  0.59695904517197440     
  6.85287269064960877E-005  0.59461554253053395     
  6.86287269064960359E-005  0.59367702652000975     
  6.87287269064959841E-005  0.59304272157074722     
  6.88287269064959324E-005  0.59256992751709114     
  6.89287269064958806E-005  0.59220250065175906     
  6.90287269064958288E-005  0.59189542311926435     
  6.91287269064957770E-005  0.58958887376445268     
  6.92287269064957252E-005  0.58850189534135178     
  6.93287269064956735E-005  0.58795076955989856     
  6.94287269064956217E-005  0.58758236232179084     
  6.95287269064955699E-005  0.58724321467933327     
  6.96287269064955181E-005  0.58694900442587306     
  6.97287269064954664E-005  0.58444502214770022     
  6.98287269064954146E-005  0.58356585961150398     
  6.99287269064953628E-005  0.58298831067032630     
  7.00287269064953110E-005  0.58256094397264457     
  7.01287269064952592E-005  0.58221395649752106     
  7.02287269064952075E-005  0.58190567892326606     
  7.03287269064951557E-005  0.57952663055586418     
  7.04287269064951039E-005  0.57852796294394759     
  7.05276272188224096E-005  0.57789725435825157     
  7.06264899817727774E-005  0.57741491979139525     
  7.07183669209834881E-005  0.57708244305258516     
  7.08075610053048753E-005  0.57682250268428015     
  7.08940449376142199E-005  0.57476969541544132     
  7.09800888992934728E-005  0.57335073976704520     
  7.10683690695039532E-005  0.57279446351833940     
  7.11667474043526304E-005  0.57242511281593733     
  7.12667474043525786E-005  0.57207561436786769     
  7.13667474043525268E-005  0.57171288646753282     
  7.14667474043524751E-005  0.57092281266064859     
  7.15667474043524233E-005  0.56853514105036251     
  7.16667474043523715E-005  0.56777759194444910     
  7.17667474043523197E-005  0.56728083163490062     
  7.18667474043522680E-005  0.56688849442908218     
  7.19667474043522162E-005  0.56659300569737980     
  7.20667474043521644E-005  0.56634149638591658     
  7.21667474043521126E-005  0.56377392693242268     
  7.22667474043520608E-005  0.56296094376050565     
  7.23665033830663142E-005  0.56244749333118560     
  7.24662716812882998E-005  0.56203131791907257     
  7.25662716812882480E-005  0.56169998370457486     
  7.26662716812881963E-005  0.56142764753127139     
  7.27649843884130651E-005  0.55868359688046931     
  7.28618972517025077E-005  0.55789310761850597     
  7.29599232328723038E-005  0.55746685498186821     
  7.30599232328722520E-005  0.55715325782491054     
  7.31599232328722002E-005  0.55686168359104227     
  7.32599232328721484E-005  0.55662287342775896     
  7.33599232328720967E-005  0.55364745684451411     
  7.34595393076673339E-005  0.55274543949079324     
  7.35595393076672821E-005  0.55228870882420700     
  7.36595393076672303E-005  0.55196648520061886     
  7.37595393076671786E-005  0.55173624417850797     
  7.38595393076671268E-005  0.55156403905426443     
  7.39558258117658591E-005  0.54873406758147836     
  7.40446475733572401E-005  0.54778322201318652     
  7.41367228335414722E-005  0.54724352899673978     
  7.42342863889054234E-005  0.54683058014906671     
  7.43332212069035243E-005  0.54656550501986545     
  7.44326511353458995E-005  0.54631139217745062     
  7.45325182576586144E-005  0.54412529600065795     
  7.46325182576585626E-005  0.54281144975670015     
  7.47324105287089569E-005  0.54226416974946834     
  7.48304487402148410E-005  0.54182147388547441     
  7.49196851122535285E-005  0.54156014754357729     
  7.50158187526365838E-005  0.54132147595024571     
  7.51103225177438797E-005  0.53995618133670154     
  7.52001500393039096E-005  0.53796181692417033     
  7.52899072577904098E-005  0.53730657619673172     
  7.53791259152014403E-005  0.53694509778950406     
  7.54647532656625269E-005  0.53661791460489916     
  7.55495334783733114E-005  0.53636393276441807     
  7.56364174743500307E-005  0.53616778699768908     
  7.57254877685183630E-005  0.53450160585940942     
  7.58187143663192165E-005  0.53263384060416963     
  7.59117644666530244E-005  0.53200722857119176     
  7.60039836058535966E-005  0.53164534616407311     
  7.60924561148100949E-005  0.53135324429432296     
  7.61852204727508583E-005  0.53104512635168266     
  7.62848451111046086E-005  0.53082183336703392     
  7.63846313134977547E-005  0.52774351549185394     
  7.64846313134977029E-005  0.52671392737681288     
  7.65846313134976511E-005  0.52619820982920562     
  7.66840742846454918E-005  0.52582220156186288     
  7.67839599176788729E-005  0.52554983284633883     
  7.68839599176788212E-005  0.52535085202502818     
  7.69839599176787694E-005  0.52217154842739355     
  7.70821516319245372E-005  0.52116015989503273     
  7.71728806161748015E-005  0.52070327099489899     
  7.72553562871737732E-005  0.52039207015575617     
  7.73305539058905488E-005  0.52016451869578773     
  7.74016416372938878E-005  0.51999158549516256     
  7.74733543615768744E-005  0.51983840263968450     
  7.75474974787073525E-005  0.51780498601399694     
  7.76138175522299387E-005  0.51634973662602268     
  7.76775269213812242E-005  0.51583696780504207     
  7.77413562969150401E-005  0.51550819613694587     
  7.78067142510124676E-005  0.51524930326794949     
  7.78728872433956447E-005  0.51502323059338950     
  7.79393125615647519E-005  0.51480791517627733     
  7.80064875258378948E-005  0.51460874236470111     
  7.80749323607989433E-005  0.51444039390255591     
  7.81449692162771440E-005  0.51279102742575877     
  7.82168280820267481E-005  0.51094518023146285     
  7.82939762098673278E-005  0.51026806053068985     
  7.83746260267420206E-005  0.50989907285165570     
  7.84526678819131998E-005  0.50962679008871914     
  7.85282528893266443E-005  0.50944857892737538     
  7.86007554531773092E-005  0.50931237058189582     
  7.86752698921728481E-005  0.50915705000497058     
  7.87515112006295892E-005  0.50751165754820826     
  7.88257249467579703E-005  0.50571862702677273     
  7.89037782997955428E-005  0.50501445801131672     
  7.89856043768688809E-005  0.50458933815880158     
  7.90716200858304229E-005  0.50431935883889589     
  7.91575454659766009E-005  0.50410528911852881     
  7.92416253646303963E-005  0.50392177217049838     
  7.93262849072243241E-005  0.50374491024603929     
  7.94066779105218583E-005  0.50070763758111481     
  7.94927685562098614E-005  0.49981004325437045     
  7.95837358256288761E-005  0.49931445822751319     
  7.96818477091937462E-005  0.49891712393356225     
  7.97815695639560581E-005  0.49861882084135550     
  7.98815695639560063E-005  0.49837670061101075     
  7.99815695639559545E-005  0.49660845764773770     
  8.00815695639559027E-005  0.49496347831359228     
  8.01815695639558509E-005  0.49422164578031086     
  8.02815695639557992E-005  0.49374298696820407     
  8.03815695639557474E-005  0.49340305431726339     
  8.04815695639556956E-005  0.49314856876122681     
  8.05815695639556438E-005  0.49100910909427897     
  8.06815695639555920E-005  0.48909783593017048     
  8.07815695639555403E-005  0.48834414769746914     
  8.08814649572944680E-005  0.48788308337589392     
  8.09800910345516152E-005  0.48750382826439581     
  8.10768190886058954E-005  0.48721524579806208     
  8.11714661365585914E-005  0.48577136814054739     
  8.12593916892605776E-005  0.48349562752744180     
  8.13447495494789614E-005  0.48280257740009752     
  8.14311744132665307E-005  0.48238134317719500     
  8.15163200156565219E-005  0.48206615759568766     
  8.16017294747603891E-005  0.48182483224415623     
  8.16928090595151737E-005  0.48160803515404560     
  8.17790581233711648E-005  0.47968497900561946     
  8.18539094230593371E-005  0.47777434987154477     
  8.19239254357889360E-005  0.47720632256755879     
  8.19916425186803180E-005  0.47691359670006833     
  8.20586750271884896E-005  0.47667386370966858     
  8.21258295751694676E-005  0.47650799991639620     
  8.21982495390255393E-005  0.47633638553576418     
  8.22743551114954176E-005  0.47622230743761090     
  8.23503660381614741E-005  0.47610246069527901     
  8.24260223034092821E-005  0.47298349547962504     
  8.24988120865430399E-005  0.47198393576943326     
  8.25736777961554616E-005  0.47149502305469154     
  8.26497628655508819E-005  0.47117797990898203     
  8.27240889819637950E-005  0.47093428692715106     
  8.27975498743254486E-005  0.47077608587047687     
  8.28659895156929222E-005  0.47055676937436047     
  8.29314551854925521E-005  0.47040584241432154     
  8.29966534580894676E-005  0.46819862312753180     
  8.30637677514417950E-005  0.46658324119738548     
  8.31355945467012825E-005  0.46600538238014910     
  8.32085345711321318E-005  0.46571039612569742     
  8.32911444556694172E-005  0.46555579590409474     
  8.33799168004480205E-005  0.46532492678100656     
  8.34758685483555341E-005  0.46509012031573138     
  8.35758685483554823E-005  0.46418087718912404     
  8.36757260526144615E-005  0.46145936314091257     
  8.37720370264565098E-005  0.46069880748481462     
  8.38673540237629166E-005  0.46026623817279605     
  8.39639447939225224E-005  0.45995402214571246     
  8.40533283508068473E-005  0.45968315132888049     
  8.41344585219219330E-005  0.45950058275906908     
  8.42104113348319676E-005  0.45670702847198758     
  8.42817633104124916E-005  0.45516437937961796     
  8.43513136388898493E-005  0.45461450056426084     
  8.44181989381076632E-005  0.45424792593445601     
  8.44834504672132652E-005  0.45390080088021750     
  8.45490817687933352E-005  0.45366407397804154     
  8.46139522960171462E-005  0.45348044404908938     
  8.46821274974599502E-005  0.45334499943701301     
  8.47512851808913416E-005  0.45326321201174097     
  8.48230334569368848E-005  0.45060166905279675     
  8.48988379428559031E-005  0.44911148620717795     
  8.49817196072851557E-005  0.44850496114048366     
  8.50679247681317857E-005  0.44810424083261768     
  8.51554879851930055E-005  0.44780621521925629     
  8.52400601941304050E-005  0.44752803231977395     
  8.53150638082921789E-005  0.44731019096401486     
  8.53813575270487800E-005  0.44712118022854341     
  8.54454831738482546E-005  0.44377399982563392     
  8.55091003016579949E-005  0.44270424303778694     
  8.55752153503827693E-005  0.44219860686011503     
  8.56389148540138024E-005  0.44187148416553146     
  8.57045283652974011E-005  0.44158668916498861     
  8.57713445944826035E-005  0.44137608180764004     
  8.58385523934411971E-005  0.44117375419066274     
  8.59105857880137136E-005  0.44096979159074490     
  8.59859300730745436E-005  0.44077881534879015     
  8.60681423923100638E-005  0.43723583912051833     
  8.61593326902828879E-005  0.43617486793155918     
  8.62477239909792989E-005  0.43560525690039242     
  8.63406024565917382E-005  0.43522788951957547     
  8.64291370848898488E-005  0.43495293762809001     
  8.65153441337714681E-005  0.43473960011189516     
  8.65923698492115327E-005  0.43455940915577607     
  8.66591076189375363E-005  0.43108163913853381     
  8.67209788953524551E-005  0.43005557347428186     
  8.67806686728706743E-005  0.42952374165588758     
  8.68400467533265134E-005  0.42915810685047118     
  8.69006814188211880E-005  0.42888310619247244     
  8.69626620920135646E-005  0.42867481800786039     
  8.70263007764819575E-005  0.42846451537837221     
  8.70940294368903744E-005  0.42829598483293757     
  8.71687693601261472E-005  0.42814883382361946     
  8.72508339694102602E-005  0.42550175441308735     
  8.73382737307178711E-005  0.42372903243078663     
  8.74334746604361743E-005  0.42301362436148121     
  8.75292434644295606E-005  0.42257399181362770     
  8.76283485530329211E-005  0.42227317285072946     
  8.77275036169780989E-005  0.42206698238199325     
  8.78245078159270361E-005  0.42115128977115468     
  8.79225275820972614E-005  0.41838238866432459     
  8.80120162636005164E-005  0.41753112176592350     
  8.80957057036989988E-005  0.41702406509817419     
  8.81742485909183308E-005  0.41671115968792194     
  8.82526847143487317E-005  0.41647398926765006     
  8.83317648437239233E-005  0.41631336236415556     
  8.84120317248695777E-005  0.41616697278497411     
  8.84958069361390417E-005  0.41272929072420778     
  8.85842221931897007E-005  0.41166221729225017     
  8.86777248631597350E-005  0.41107547854098209     
  8.87745573653542019E-005  0.41068292231679859     
  8.88677280529246442E-005  0.41039802826619287     
  8.89642829875809840E-005  0.41013474898392333     
  8.90621084740989748E-005  0.40769215101932504     
  8.91608891184999690E-005  0.40587042084208580     
  8.92583333349992428E-005  0.40509751411719896     
  8.93580087325174970E-005  0.40449982328625528     
  8.94552211955211584E-005  0.40412575417923302     
  8.95532256825143038E-005  0.40382376186065244     
  8.96492632553275528E-005  0.40183841860003916     
  8.97425331287688289E-005  0.39928204833187625     
  8.98392047871515563E-005  0.39854996537117060     
  8.99320389319092564E-005  0.39804713195609381     
  9.00248243739334059E-005  0.39768415118083705     
  9.01189585749935312E-005  0.39742100585605389     
  9.02087496053778388E-005  0.39723980949546167     
  9.02986642866933153E-005  0.39305244355034130     
  9.03831157013536816E-005  0.39208648450209871     
  9.04682154780292068E-005  0.39164379868726007     
  9.05549959162220636E-005  0.39128751705086195     
  9.06397853446617904E-005  0.39102066053928441     
  9.07278633990372431E-005  0.39085294158815304     
  9.08161325780810472E-005  0.39067229806032683     
  9.09063981973065355E-005  0.38682319415040373     
  9.09932906106457513E-005  0.38594774762196915     
  9.10800174703735657E-005  0.38550392868308281     
  9.11645988947941188E-005  0.38519406128640160     
  9.12457388156102240E-005  0.38497921431571180     
  9.13251615563467618E-005  0.38482731568946804     
  9.14049579741887800E-005  0.38471206800121982     
  9.14809414346271258E-005  0.38118539494048359     
  9.15535858293547625E-005  0.37907774140866052     
  9.16239790760956424E-005  0.37832023990066471     
  9.16918354226119484E-005  0.37793980019680268     
  9.17563715669977311E-005  0.37772021234834269     
  9.18176639128490867E-005  0.37754495657622283     
  9.18761747356997992E-005  0.37740962700013803     
  9.19335067901514455E-005  0.37730200162122834     
  9.19907199931277588E-005  0.37717641798471790     
  9.20493705911697028E-005  0.37703466786442191     
  9.21084343531678194E-005  0.37355436890033922     
  9.21705542944430340E-005  0.37233125597778921     
  9.22366427036621977E-005  0.37173835101368119     
  9.23082826770041842E-005  0.37134908948484319     
  9.23820744488723980E-005  0.37108239621792255     
  9.24594909135094319E-005  0.37085649421283873     
  9.25379277068019072E-005  0.37068115850937089     
  9.26138780634718151E-005  0.37053638735697642     
  9.26853158994202946E-005  0.36810023476378567     
  9.27535844942007043E-005  0.36595621312964755     
  9.28171749013440478E-005  0.36514887761518056     
  9.28746432438181199E-005  0.36469714065263348     
  9.29297269429489695E-005  0.36438481438745363     
  9.29817510584896891E-005  0.36415396954193380     
  9.30290209569037266E-005  0.36394740305705592     
  9.30749274163451872E-005  0.36377331182945721     
  9.31179822683660206E-005  0.36361256280055287     
  9.31606251777829648E-005  0.36346167384444733     
  9.32033930966513486E-005  0.36334777101432508     
  9.32466573563968631E-005  0.36324669659274578     
  9.32915601404568569E-005  0.36092529570837029     
  9.33380074314993651E-005  0.35927567315162839     
  9.33895503290471543E-005  0.35847508310792214     
  9.34456623138679856E-005  0.35799592706477040     
  9.35056597867125355E-005  0.35766452998271414     
  9.35647915947335023E-005  0.35743606472180434     
  9.36234826386230721E-005  0.35723340780280233     
  9.36883753906090071E-005  0.35702819400057295     
  9.37498583714021144E-005  0.35685980636714393     
  9.38119003281747115E-005  0.35668616980816792     
  9.38725456618922559E-005  0.35572441752057543     
  9.39353810535408407E-005  0.35212411794609561     
  9.40001984001651063E-005  0.35095888087967481     
  9.40663784142931769E-005  0.35040398978083281     
  9.41317095612308002E-005  0.35003912895013745     
  9.41978012652694999E-005  0.34970692088246785     
  9.42666136284273624E-005  0.34942396244362006     
  9.43384168608449189E-005  0.34918994795118719     
  9.44121855383473846E-005  0.34896662916875859     
  9.44838064062820243E-005  0.34758069597034758     
  9.45568713744244599E-005  0.34461852228245526     
  9.46340985781688235E-005  0.34355203948012741     
  9.47152688384300098E-005  0.34292295305033560     
  9.48008026945781375E-005  0.34250279843355791     
  9.48875218229960156E-005  0.34215573841259977     
  9.49767739506925221E-005  0.34184797112226251     
  9.50708175422530077E-005  0.34160746666335673     
  9.51670150898249436E-005  0.33724232026977374     
  9.52635234924878828E-005  0.33575415517197849     
  9.53624258807941579E-005  0.33499594131188959     
  9.54622328102273698E-005  0.33445689067687123     
  9.55606547107181484E-005  0.33403697292338497     
  9.56541496543075986E-005  0.33370227384236067     
  9.57474803704968288E-005  0.33024286771015815     
  9.58341779148567203E-005  0.32873895880777215     
  9.59172072479402550E-005  0.32805173368762192     
  9.59933540960413887E-005  0.32763192855789697     
  9.60639762554193376E-005  0.32726996588147522     
  9.61300549881925097E-005  0.32694913310308332     
  9.61929084935873424E-005  0.32669358755773453     
  9.62542511439175828E-005  0.32648957313840921     
  9.63143139640666994E-005  0.32376230928908362     
  9.63736161056727799E-005  0.32124447598047318     
  9.64336830023627593E-005  0.32031692812898344     
  9.64950576989051327E-005  0.31980196890606877     
  9.65583265394943707E-005  0.31944801713067694     
  9.66238388483320641E-005  0.31917419435403405     
  9.66920568381877092E-005  0.31894051639259396     
  9.67633769968509412E-005  0.31872676654816173     
  9.68382776990964488E-005  0.31854180082845085     
  9.69147358143372905E-005  0.31680827881526119     
  9.69950440711190166E-005  0.31313340091737651     
  9.70737969300260363E-005  0.31192613493220239     
  9.71471346876718738E-005  0.31129899451380305     
  9.72162874243804920E-005  0.31085954116152953     
  9.72824473642742413E-005  0.31055947407326262     
  9.73458443456142836E-005  0.31033580985696785     
  9.74080031725462506E-005  0.31015954760280579     
  9.74702807550351737E-005  0.31001741748649614     
  9.75310544713150845E-005  0.30795176407986291     
  9.75923178020854934E-005  0.30564285444218020     
  9.76546045594119420E-005  0.30446954762165751     
  9.77197269937661622E-005  0.30370594304395310     
  9.77843949519140664E-005  0.30321047533223378     
  9.78508130315819120E-005  0.30284029595206186     
  9.79182768359277100E-005  0.30255571990307967     
  9.79860099662320836E-005  0.30229337642160820     
  9.80534141991655983E-005  0.30205646956679011     
  9.81200677304333520E-005  0.30093897418606280     
  9.81870336704535783E-005  0.29809317590967299     
  9.82539694174240977E-005  0.29673525473763068     
  9.83236558436400573E-005  0.29591005579035168     
  9.83966808618838248E-005  0.29531183170734643     
  9.84734833279042739E-005  0.29483680775866350     
  9.85485458821824258E-005  0.29447743270512428     
  9.86249026160993994E-005  0.29414805716072367     
  9.87035465496049786E-005  0.29388779983131252     
  9.87844087309381279E-005  0.29027560790784351     
  9.88638268047103952E-005  0.28856313991072868     
  9.89482516367641622E-005  0.28756587790433080     
  9.90361653175110150E-005  0.28695295978138052     
  9.91246897980990472E-005  0.28653925991856888     
  9.92167503376075377E-005  0.28617948247241398     
  9.93109171040281190E-005  0.28587090727343095     
  9.94092702828916047E-005  0.28162554720341215     
  9.95092702828915529E-005  0.27970863036741883     
  9.96092702828915011E-005  0.27871539575271009     
  9.97092702828914493E-005  0.27810385769259871     
  9.98092702828913975E-005  0.27766226632134094     
  9.99092702828913458E-005  0.27731575118278651     
  1.00009270282891294E-004  0.27316009255916834     
  1.00109270282891242E-004  0.27129950864809971     
  1.00209270282891190E-004  0.27030167640396913     
  1.00309270282891139E-004  0.26969189804606769     
  1.00409270282891087E-004  0.26923579122830749     
  1.00509270282891035E-004  0.26887266430711265     
  1.00609270282890983E-004  0.26487533913687400     
  1.00707329338404282E-004  0.26273266034834147     
  1.00802063873480671E-004  0.26166011594701438     
  1.00892753989074798E-004  0.26098777323363981     
  1.00980957649711686E-004  0.26051502007862415     
  1.01067534834884618E-004  0.26014793587329427     
  1.01154417711395801E-004  0.25880852399146803     
  1.01241284269270302E-004  0.25549489084723692     
  1.01329048240893232E-004  0.25384569931990525     
  1.01418352697803956E-004  0.25283905315768368     
  1.01506959083361124E-004  0.25213665986744926     
  1.01594667243311713E-004  0.25159968303342989     
  1.01685265400182977E-004  0.25114676036565325     
  1.01779591468777699E-004  0.24870074271234055     
  1.01876974245118537E-004  0.24569275564668225     
  1.01974289945073969E-004  0.24417296339790601     
  1.02073179097447508E-004  0.24319578582524468     
  1.02173179097447456E-004  0.24248484333170486     
  1.02273179097447405E-004  0.24194105302153768     
  1.02373179097447353E-004  0.23974645424066365     
  1.02473179097447301E-004  0.23630494692008036     
  1.02573179097447249E-004  0.23474496865469399     
  1.02673179097447197E-004  0.23373432179040760     
  1.02773179097447146E-004  0.23308348230008522     
  1.02873179097447094E-004  0.23253206257542167     
  1.02973179097447042E-004  0.23086665745343724     
  1.03073179097446990E-004  0.22707417072483102     
  1.03173179097446939E-004  0.22519431779740703     
  1.03273179097446887E-004  0.22407687264272047     
  1.03373179097446835E-004  0.22325468733001344     
  1.03473179097446783E-004  0.22261532119313884     
  1.03573179097446731E-004  0.22088193035880221     
  1.03673179097446680E-004  0.21689116013016133     
  1.03773179097446628E-004  0.21491283875909947     
  1.03873179097446576E-004  0.21368017123111990     
  1.03973179097446524E-004  0.21280073708361014     
  1.04073179097446473E-004  0.21210164827745956     
  1.04173179097446421E-004  0.21096313902939048     
  1.04273179097446369E-004  0.20669159931702055     
  1.04373179097446317E-004  0.20444711737717758     
  1.04473179097446265E-004  0.20302613768212760     
  1.04573179097446214E-004  0.20198125567371841     
  1.04673179097446162E-004  0.20115408682332245     
  1.04773179097446110E-004  0.20007346840951162     
  1.04873179097446058E-004  0.19644668691271644     
  1.04973179097446007E-004  0.19420263725276224     
  1.05073179097445955E-004  0.19267961671335970     
  1.05173179097445903E-004  0.19150784254450884     
  1.05273179097445851E-004  0.19057093869978853     
  1.05373179097445799E-004  0.18979455350230426     
  1.05473179097445748E-004  0.18577064786876732     
  1.05573179097445696E-004  0.18316371200506756     
  1.05673179097445644E-004  0.18135694966331181     
  1.05773179097445592E-004  0.18000692156879181     
  1.05873179097445541E-004  0.17895425489591218     
  1.05973179097445489E-004  0.17806410764251673     
  1.06073179097445437E-004  0.17415577542706318     
  1.06173179097445385E-004  0.17124566745575362     
  1.06273179097445333E-004  0.16913069701866487     
  1.06373179097445282E-004  0.16753197271075035     
  1.06473179097445230E-004  0.16625663596606527     
  1.06573179097445178E-004  0.16518139004451571     
  1.06673179097445126E-004  0.16123054898652994     
  1.06773179097445075E-004  0.15825313220158421     
  1.06873179097445023E-004  0.15614534911422945     
  1.06973179097444971E-004  0.15452530162375422     
  1.07073179097444919E-004  0.15321991970275919     
  1.07173179097444867E-004  0.15214299708121526     
  1.07273179097444816E-004  0.14858162370592781     
  1.07372890798720528E-004  0.14560999307918143     
  1.07472669950271844E-004  0.14347380633845477     
  1.07572669950271792E-004  0.14177381033756289     
  1.07672669950271740E-004  0.14042864415293288     
  1.07772669950271689E-004  0.13931859821654577     
  1.07872669950271637E-004  0.13589870338214369     
  1.07972669950271585E-004  0.13298741559210081     
  1.08072669950271533E-004  0.13071876512467440     
  1.08172669950271482E-004  0.12895277417308271     
  1.08272669950271430E-004  0.12753292530970242     
  1.08372669950271378E-004  0.12623470748698268     
  1.08472669950271326E-004  0.12441287377005487     
  1.08572669950271274E-004  0.12263757677500836     
  1.08672669950271223E-004  0.12117895269075021     
  1.08772669950271171E-004  0.11989139278932946     
  1.08872669950271119E-004  0.11877059076836217     
  1.08972669950271067E-004  0.11775702527348436     
  1.09072669950271016E-004  0.11718299757116402     
  1.09172669950270964E-004  0.11676727226719794     
  1.09272669950270912E-004  0.11636066971582175     
  1.09372669950270860E-004  0.11595730751013543     
  1.09472669950270808E-004  0.11557318836346883     
  1.09572669950270757E-004  0.11519908888256632     
  1.09672669950270705E-004  0.11483868361157552     
  1.09772669950270653E-004  0.11449469860763489     
  1.09872669950270601E-004  0.11417013169033750     
  1.09972669950270550E-004  0.11385401591775607     
  1.10072669950270498E-004  0.11354976732778010     
  1.10172669950270446E-004  0.11325680671345813     
  1.10272669950270394E-004  0.11298177648318725     
  1.10372669950270342E-004  0.11272061217473235     
  1.10472669950270291E-004  0.11246953153249271     
  1.10572669950270239E-004  0.11223373127149966     
  1.10672669950270187E-004  0.11201121650949747     
  1.10772669950270135E-004  0.11179943711037010     
  1.10872669950270084E-004  0.11160114029228382     
  1.10972669950270032E-004  0.11141620364636275     
  1.11072669950269980E-004  0.11124125013448875     
  1.11172669950269928E-004  0.11107699544368808     
  1.11272669950269876E-004  0.11092141249105268     
  1.11372669950269825E-004  0.11077192404247903     
  1.11472669950269773E-004  0.11061914658018189     
  1.11572669950269721E-004  0.11046689683699329     
  1.11672669950269669E-004  0.11031354632538519     
  1.11772669950269618E-004  0.11015842689642850     
  1.11872669950269566E-004  0.11000355762593506     
  1.11970803600384045E-004  0.10985254052755795     
  1.12063235561457711E-004  0.10971216077055158     
  1.12151450898573447E-004  0.10958103545325848     
  1.12238831842779139E-004  0.10945271055418820     
  1.12325699370888817E-004  0.10933365587940667     
  1.12414109285275340E-004  0.10921697718517281     
  1.12502650769574257E-004  0.10910321616938545     
  1.12596817323952175E-004  0.10898468612265061     
  1.12695654733727593E-004  0.10886486570394023     
  1.12795654733727541E-004  0.10874602804839256     
  1.12895654733727489E-004  0.10862947245941346     
  1.12995654733727437E-004  0.10851517455586984     
  1.13095654733727386E-004  0.10840383060654576     
  1.13195654733727334E-004  0.10829631011563977     
  1.13295654733727282E-004  0.10818657368699665     
  1.13395654733727230E-004  0.10807906706026037     
  1.13495654733727179E-004  0.10797627057802979     
  1.13595654733727127E-004  0.10788077676322268     
  1.13695654733727075E-004  0.10778770777016142     
  1.13795654733727023E-004  0.10769812564756416     
  1.13895654733726971E-004  0.10760735785193781     
  1.13995654733726920E-004  0.10751857790042199     
  1.14095654733726868E-004  0.10742989796920006     
  1.14195654733726816E-004  0.10734012605403699     
  1.14295654733726764E-004  0.10725039743297980     
  1.14395654733726713E-004  0.10716333785421343     
  1.14495654733726661E-004  0.10707810112693611     
  1.14595654733726609E-004  0.10699415726585496     
  1.14695654733726557E-004  0.10691220097130277     
  1.14795654733726505E-004  0.10683243907501944     
  1.14895654733726454E-004  0.10675517899766312     
  1.14995654733726402E-004  0.10668082120126074     
  1.15095654733726350E-004  0.10660955276006359     
  1.15195654733726298E-004  0.10653927700638868     
  1.15295654733726247E-004  0.10646364457077144     
  1.15395654733726195E-004  0.10638951858972372     
  1.15495654733726143E-004  0.10631641020170601     
  1.15595654733726091E-004  0.10624436155540180     
  1.15695654733726039E-004  0.10617516376268819     
  1.15795654733725988E-004  0.10610795477852927     
  1.15895654733725936E-004  0.10604388440885974     
  1.15995654733725884E-004  0.10598039969403963     
  1.16095654733725832E-004  0.10591639622224533     
  1.16195654733725781E-004  0.10585241096289502     
  1.16295654733725729E-004  0.10579027078159157     
  1.16395654733725677E-004  0.10573370930648536     
  1.16495654733725625E-004  0.10568027914062937     
  1.16595654733725573E-004  0.10562993588401363     
  1.16695654733725522E-004  0.10558174042659427     
  1.16795654733725470E-004  0.10553241338075185     
  1.16895654733725418E-004  0.10548445033028843     
  1.16995654733725366E-004  0.10543313589446110     
  1.17095654733725315E-004  0.10538030317588354     
  1.17195654733725263E-004  0.10532815470653860     
  1.17295654733725211E-004  0.10527604095901422     
  1.17395654733725159E-004  0.10522107273692188     
  1.17495654733725107E-004  0.10516442034684423     
  1.17595654733725056E-004  0.10510680280401581     
  1.17695654733725004E-004  0.10504546047821488     
  1.17795654733724952E-004  0.10498554922112979     
  1.17895654733724900E-004  0.10492913315625280     
  1.17995654733724849E-004  0.10487746350316321     
  1.18095654733724797E-004  0.10483047825990205     
  1.18195654733724745E-004  0.10478639653352512     
  1.18295654733724693E-004  0.10473084293720863     
  1.18395654733724641E-004  0.10468078723644635     
  1.18495654733724590E-004  0.10462933418501394     
  1.18595654733724538E-004  0.10457977807280015     
  1.18695654733724486E-004  0.10452632954373554     
  1.18795654733724434E-004  0.10447866149604083     
  1.18895654733724382E-004  0.10443312427451373     
  1.18995654733724331E-004  0.10438934398126348     
  1.19095654733724279E-004  0.10434719711780539     
  1.19195654733724227E-004  0.10430935366501842     
  1.19295654733724175E-004  0.10427230489481619     
  1.19607178612708698E-004  0.10415842676961773     
  1.19855324300612796E-004  0.10406290847150637     
  1.20102207659583983E-004  0.10396490008218690     
  1.20340801136627798E-004  0.10387139346294687     
  1.20579338119742557E-004  0.10378186437942087     
  1.20816240313313414E-004  0.10370309094201038     
  1.21065540520509109E-004  0.10363108922868922     
