# RMS shrinking factor for the case B18Ra10CT1   
   1.0999999999999998E-007  0.99999706470307559     
   2.1000000000000008E-007  0.99999409328591837     
   3.1000000000000016E-007  0.99999058971819210     
   4.1000000000000026E-007  0.99998548965912226     
   5.1000000000000031E-007  0.99997816651344951     
   6.1000000000000041E-007  0.99996923447094987     
   7.1000000000000051E-007  0.99996004362049018     
   8.1000000000000061E-007  0.99995109158899476     
   9.1000000000000071E-007  0.99994095241241343     
   1.0100000000000003E-006  0.99992715162839885     
   1.1099999999999993E-006  0.99990620070054403     
   1.2099999999999984E-006  0.99988460052527017     
   1.3099999999999974E-006  0.99986623958795295     
   1.4099999999999965E-006  0.99984582602386218     
   1.5099999999999955E-006  0.99982321742999947     
   1.6099999999999945E-006  0.99978965273223452     
   1.7099999999999936E-006  0.99975187523452724     
   1.8099999999999926E-006  0.99970956855411874     
   1.9099999999999919E-006  0.99967324025449489     
   2.0099999999999909E-006  0.99963340071281637     
   2.1099999999999900E-006  0.99958986993035825     
   2.2099999999999890E-006  0.99952285863239099     
   2.3099999999999880E-006  0.99945611362007503     
   2.4099999999999871E-006  0.99939058147721116     
   2.5099999999999861E-006  0.99932682215552582     
   2.6099999999999852E-006  0.99925772340407937     
   2.7099999999999842E-006  0.99917438169726480     
   2.8099999999999833E-006  0.99907570561071568     
   2.9099999999999823E-006  0.99896919132223105     
   3.0099999999999813E-006  0.99886407033337077     
   3.1099999999999804E-006  0.99876013983484979     
   3.2099999999999794E-006  0.99864814058649842     
   3.3099999999999785E-006  0.99850821252256028     
   3.4099999999999775E-006  0.99835918551385106     
   3.5099999999999766E-006  0.99820042300516898     
   3.6099999999999756E-006  0.99805115151919377     
   3.7099999999999746E-006  0.99789123098402077     
   3.8099999999999737E-006  0.99772022057199372     
   3.9099999999999727E-006  0.99751986181102315     
   4.0099999999999718E-006  0.99730906463601166     
   4.1099999999999708E-006  0.99708740827952747     
   4.2099999999999699E-006  0.99686929544806868     
   4.3099999999999689E-006  0.99663645759524910     
   4.4099999999999679E-006  0.99638258902246979     
   4.5099999999999670E-006  0.99611046365513445     
   4.6099999999999660E-006  0.99582688076023218     
   4.7099999999999651E-006  0.99553426917424570     
   4.8099999999999641E-006  0.99522628277184511     
   4.9099999999999632E-006  0.99489928439344288     
   5.0099999999999622E-006  0.99455460879984270     
   5.1099999999999612E-006  0.99420003696577286     
   5.2099999999999603E-006  0.99383420147366341     
   5.3099999999999593E-006  0.99344786482011949     
   5.4099999999999584E-006  0.99301590840311948     
   5.5099999999999574E-006  0.99257100706883639     
   5.6099999999999565E-006  0.99214046360852459     
   5.7099999999999555E-006  0.99169833340162528     
   5.8099999999999545E-006  0.99124317995230360     
   5.9099999999999536E-006  0.99071396367468800     
   6.0099999999999526E-006  0.99015227953053508     
   6.1099999999999517E-006  0.98955655871206283     
   6.2099999999999507E-006  0.98900862809141998     
   6.3099999999999498E-006  0.98843366574716807     
   6.4099999999999488E-006  0.98781723549153588     
   6.5099999999999478E-006  0.98698635111859334     
   6.6099999999999469E-006  0.98610643030716116     
   6.7025776299258096E-006  0.97978441471993460     
   6.7277556610454384E-006  0.96853056631947887     
   6.7398816637319514E-006  0.95812614638370419     
   6.7481157916956013E-006  0.94840615844355947     
   6.7544216496126303E-006  0.93929997427641609     
   6.7595768084028338E-006  0.93078679453593793     
   6.7639728732428402E-006  0.92282798376435926     
   6.7678332960702278E-006  0.91536656573979014     
   6.7712994745357867E-006  0.90835086281852162     
   6.7744661960596928E-006  0.90172315094439093     
   6.7774002945863875E-006  0.89541797765591413     
   6.7801502705122569E-006  0.88937250951041247     
   6.7827527691900350E-006  0.88354694562468439     
   6.7852161644691127E-006  0.87646160009097496     
   6.7875804104756758E-006  0.87063278820441969     
   6.7898661856435990E-006  0.86507361135518723     
   6.7920886472368708E-006  0.85964724584259200     
   6.7942606039944055E-006  0.85429636884624072     
   6.7963931596938539E-006  0.84898640723571084     
   6.7984958305563953E-006  0.84370854637365822     
   6.8005770180587409E-006  0.83844128994796996     
   6.8026444203603588E-006  0.83317249532024140     
   6.8047051717143271E-006  0.82789788232429284     
   6.8067659077978609E-006  0.82261497740103839     
   6.8088327413246051E-006  0.81729104728061386     
   6.8109116946216838E-006  0.81191132886333717     
   6.8130087393111045E-006  0.80648001667701064     
   6.8151298046330194E-006  0.80101162943810955     
   6.8172807292215370E-006  0.79549022139129222     
   6.8194672490236337E-006  0.78993336585379115     
   6.8216956814068072E-006  0.78437265719845095     
   6.8239724858017449E-006  0.77882011002797491     
   6.8263043589092544E-006  0.77330540928884672     
   6.8286984308958542E-006  0.76787819020989045     
   6.8311204153832966E-006  0.76263323706414932     
   6.8334612994490691E-006  0.75772261509423189     
   6.8357002697979979E-006  0.75310831141476620     
   6.8378557098923623E-006  0.74864759348985410     
   6.8399426010675443E-006  0.74435545589738172     
   6.8419733141195005E-006  0.74025254000887797     
   6.8439557780752126E-006  0.73475619867399999     
   6.8458906412296317E-006  0.72980441528798501     
   6.8477941867108256E-006  0.72599270764975510     
   6.8496730426112063E-006  0.72251477959313559     
   6.8515330631565009E-006  0.71927569997723961     
   6.8533793881165505E-006  0.71622995890239960     
   6.8552166521969935E-006  0.71336140884100419     
   6.8570490549802552E-006  0.71066308097478226     
   6.8588804509830551E-006  0.70811513071244492     
   6.8607144419546413E-006  0.70572199771727762     
   6.8625542812739006E-006  0.70345140215222346     
   6.8644031429261336E-006  0.70123490600242677     
   6.8662638904374069E-006  0.69913709636397314     
   6.8681394983723229E-006  0.69712238931997228     
   6.8700326926189336E-006  0.69518835086588848     
   6.8719462241494727E-006  0.69334130078544853     
   6.8738827021995708E-006  0.69158652981873714     
   6.8758448022896090E-006  0.68988512822747117     
   6.8778353389452690E-006  0.68826489859552242     
   6.8798570783861127E-006  0.68671924662322859     
   6.8819130308329292E-006  0.68524993894224484     
   6.8840062076393793E-006  0.68384230854010108     
   6.8861400948347323E-006  0.68249399924462262     
   6.8883182783565274E-006  0.68121011411873666     
   6.8905448675311428E-006  0.67998663568096918     
   6.8928244157831849E-006  0.67880131942550603     
   6.8951617443425026E-006  0.67767648085216836     
   6.8975627818103888E-006  0.67663330492045282     
   6.9000342097679657E-006  0.67563876483822727     
   6.9025829566569090E-006  0.67471118731020796     
   6.9051979234280589E-006  0.67163726133034030     
   6.9078779492448661E-006  0.66993074216757653     
   6.9106626529674685E-006  0.66896369191226113     
   6.9135650127153895E-006  0.66819294959136832     
   6.9165997217181502E-006  0.66753050238090739     
   6.9197836226211279E-006  0.66693362899534880     
   6.9231083337535462E-006  0.66640074059831855     
   6.9265368351801067E-006  0.66593029397328918     
   6.9300756986164160E-006  0.66551297065255677     
   6.9337305239713927E-006  0.66515949529219243     
   6.9375105663316351E-006  0.66486866411208334     
   6.9414231844559023E-006  0.66462627844661826     
   6.9454770522714724E-006  0.66446967981709515     
   6.9496816411663847E-006  0.66435194862672853     
   6.9540459128423653E-006  0.66425620627775062     
   6.9585811872432884E-006  0.66421407146775902     
   6.9632973864899776E-006  0.66424620964834313     
   6.9681842246941579E-006  0.66179195359325749     
   6.9732704605616826E-006  0.66129717509107910     
   6.9785768190049656E-006  0.66129312056006917     
   6.9841192662337082E-006  0.66146490328572460     
   6.9899127516730837E-006  0.66174943838281586     
   6.9959734422139796E-006  0.66212563501746169     
   7.0023156916146555E-006  0.66258224028786217     
   7.0089629452226908E-006  0.66311011914729634     
   7.0159305526670095E-006  0.66371116881925130     
   7.0232434602253485E-006  0.66438429473659022     
   7.0308966907792385E-006  0.66301930965563316     
   7.0389349618331955E-006  0.66317180387896280     
   7.0473909726509807E-006  0.66380942561133294     
   7.0562935249309260E-006  0.66461291209039597     
   7.0656722542953395E-006  0.66548341995380378     
   7.0755517629872777E-006  0.66634527176677605     
   7.0859738445916093E-006  0.66680906929725914     
   7.0969238606041601E-006  0.66580843709896620     
   7.1084818695041650E-006  0.66603202118478522     
   7.1206995700739369E-006  0.66651729883821742     
   7.1335866509427776E-006  0.66707285203483313     
   7.1471960890021579E-006  0.66736079936658621     
   7.1615228801382273E-006  0.66637590870871699     
   7.1766762208720492E-006  0.66642746648448170     
   7.1927021963329912E-006  0.66680851961814247     
   7.2096017117730314E-006  0.66681935960458083     
   7.2273846880836148E-006  0.66610936949291755     
   7.2461909473502359E-006  0.66630453790956901     
   7.2660700330393750E-006  0.66680174789241764     
   7.2870156879387731E-006  0.66571809141831717     
   7.3090431384787170E-006  0.66594521415830177     
   7.3317382900680322E-006  0.66585895254684002     
   7.3546115813409014E-006  0.66508035186679060     
   7.3780553889263373E-006  0.66530996569056478     
   7.4018897376816436E-006  0.66424746515774846     
   7.4249364402959117E-006  0.66379703924447586     
   7.4464845076238952E-006  0.66372055250872430     
   7.4662394900410257E-006  0.66172878311641081     
   7.4853208262125800E-006  0.66085079226347787     
   7.5041673416976122E-006  0.66016257995997796     
   7.5220680496471306E-006  0.65738361473877616     
   7.5394422175740049E-006  0.65592012554490620     
   7.5565041844164238E-006  0.65472077517600602     
   7.5731058589892204E-006  0.65252283732618710     
   7.5888589840237167E-006  0.64975350458491499     
   7.6045313649514946E-006  0.64819743618067638     
   7.6202437324467101E-006  0.64673474449708457     
   7.6360916382745251E-006  0.64355033582983356     
   7.6515886927667552E-006  0.64071415554563904     
   7.6668911952093626E-006  0.63854858469566733     
   7.6824584073091231E-006  0.63644207694477695     
   7.6986939214758156E-006  0.63263632769800748     
   7.7159849196083208E-006  0.62945382252696047     
   7.7349436664875260E-006  0.62669086820052700     
   7.7559701391360895E-006  0.62280755180549319     
   7.7757176014100746E-006  0.61839908431829149     
   7.7944525938900139E-006  0.61529439472466008     
   7.8127726693828172E-006  0.61219413830694269     
   7.8307299193701052E-006  0.60798713363732848     
   7.8491112433205827E-006  0.60528683377936399     
   7.8681686671003618E-006  0.60308449831096445     
   7.8881800827103842E-006  0.59923894475142803     
   7.9096603781587762E-006  0.59682112858269598     
   7.9333799067586534E-006  0.59501546407173889     
   7.9600625254009351E-006  0.59116487062520107     
   7.9908665445843602E-006  0.58935429940454975     
   8.0222122596543538E-006  0.58596593019253262     
   8.0526076350984113E-006  0.58455070959090671     
   8.0823933793828264E-006  0.58105940694712321     
   8.1127513717806268E-006  0.57944334040208789     
   8.1439019419066745E-006  0.57588808511411282     
   8.1760152588973656E-006  0.57364329498015187     
   8.2052434192262822E-006  0.57029114969096029     
   8.2317624459862849E-006  0.56846637395247335     
   8.2566595714276314E-006  0.56452890625834939     
   8.2812122558668396E-006  0.56204515521768117     
   8.3061295225887990E-006  0.55853666313490691     
   8.3317556252276654E-006  0.55538913074894625     
   8.3592099545964813E-006  0.55272489883180298     
   8.3891191762352668E-006  0.54885925967237192     
   8.4220925980685290E-006  0.54568091531746343     
   8.4594565078087648E-006  0.54198754816559935     
   8.4989336070223681E-006  0.53773533890201308     
   8.5394213889076331E-006  0.53437747719424655     
   8.5806542590461684E-006  0.53021954731320964     
   8.6225807837467194E-006  0.52596971897973599     
   8.6648006888035645E-006  0.52221858951719080     
   8.7036026641087263E-006  0.51862199187143077     
   8.7385087584869635E-006  0.51435261362985241     
   8.7713060814442744E-006  0.51145227546944871     
   8.8033336134705437E-006  0.50709662167747660     
   8.8361079329523500E-006  0.50395835919696386     
   8.8696300407652217E-006  0.49889722510755297     
   8.9039125515548132E-006  0.49535743635055790     
   8.9393928370275325E-006  0.49073254644195036     
   8.9759913204414820E-006  0.48652895315931471     
   9.0113981966157790E-006  0.48325398817377940     
   9.0463184810332153E-006  0.47865100839454561     
   9.0798639479399498E-006  0.47575637028253925     
   9.1108717129319990E-006  0.47146204375212097     
   9.1401628790916217E-006  0.46906123757002960     
   9.1686906242235446E-006  0.46441636340580156     
   9.1973306117922513E-006  0.46182486408333789     
   9.2270509335295022E-006  0.45746603706841121     
   9.2586027132588098E-006  0.45487767737305912     
   9.2890774399162031E-006  0.45039066103180386     
   9.3186193607365019E-006  0.44784703976420820     
   9.3478037455525933E-006  0.44359675699229484     
   9.3771882671305656E-006  0.44104396266923485     
   9.4069872021109222E-006  0.43665585636977949     
   9.4376239344038796E-006  0.43393214750737635     
   9.4690125831361444E-006  0.42959513108639757     
   9.5011465660925393E-006  0.42688259020632546     
   9.5338280117812305E-006  0.42208286727169808     
   9.5662262197203544E-006  0.41939435450255930     
   9.5977000279345922E-006  0.41525989012316628     
   9.6285211652296499E-006  0.41304473966912475     
   9.6592551141519836E-006  0.40889261478711825     
   9.6904209566051981E-006  0.40606107087152093     
   9.7226949114773073E-006  0.40201592628266725     
   9.7552534215978993E-006  0.39896910154019999     
   9.7887457216118468E-006  0.39526009149637004     
   9.8245439353021540E-006  0.39149469418467919     
   9.8615896667025149E-006  0.38779010824582438     
   9.9010490976615059E-006  0.38316054268231453     
   9.9402023049039045E-006  0.37881241371325047     
   9.9797121581936078E-006  0.37445925722891388     
   1.0021967163397297E-005  0.36978641335194651     
   1.0069166517163859E-005  0.36471842539494248     
   1.0119736400963777E-005  0.35956737683400353     
   1.0172356158889629E-005  0.35461017031945924     
   1.0226356777361759E-005  0.34915166527113750     
   1.0282448781505292E-005  0.34354170044876375     
   1.0334942785195275E-005  0.33840646719494150     
   1.0385896169386895E-005  0.33359734501137045     
   1.0437076763566534E-005  0.32913517516135904     
   1.0491381064563534E-005  0.32470759968170926     
   1.0552491697154292E-005  0.31973317712120208     
   1.0612297122867587E-005  0.31471299830179911     
   1.0670879750690365E-005  0.31011919437438534     
   1.0728703557737258E-005  0.30592017670116134     
   1.0786116689754198E-005  0.30187850381785292     
   1.0844092782512626E-005  0.29836956848224816     
   1.0903553360778493E-005  0.29584285992497023     
   1.0963917577680499E-005  0.29452547790000128     
   1.1025105176952265E-005  0.29319657272612365     
   1.1088560258044404E-005  0.29169466914486725     
   1.1154128354994433E-005  0.29006787456959854     
   1.1224008732407673E-005  0.28829356562294084     
   1.1299637778413506E-005  0.28622186187791093     
   1.1378726534892124E-005  0.28390685788573955     
   1.1464164121009088E-005  0.28131726811947416     
   1.1549428846063147E-005  0.27867885145320653     
   1.1633064482077782E-005  0.27619608360322795     
   1.1716642745140151E-005  0.27370174305682071     
   1.1800316350464063E-005  0.27125953816541049     
   1.1886404649752510E-005  0.26890170940356639     
   1.1977979547459298E-005  0.26660312373104900     
   1.2165881442648376E-005  0.26230366803259197     
   1.2275372439808450E-005  0.25992209731069066     
   1.2386139962768600E-005  0.25752749095230054     
   1.2498527837994345E-005  0.25514118417497172     
   1.2621037563508232E-005  0.25264811170481849     
   1.2749025446359966E-005  0.25026710597294521     
   1.2874704976632344E-005  0.24807673783113823     
   1.2999871679071328E-005  0.24604312512379783     
   1.3128007788696541E-005  0.24401136508225785     
   1.3255630516122006E-005  0.24199709478248302     
   1.3374597626589344E-005  0.24021565196342226     
   1.3490637936069697E-005  0.23849209927338746     
   1.3607071182168777E-005  0.23682736456144984     
   1.3728324993142044E-005  0.23516386447095827     
   1.3854370583756930E-005  0.23350056537788214     
   1.3994158212780063E-005  0.23181691672591540     
   1.4151994116577779E-005  0.23006796515350134     
   1.4316118587601505E-005  0.22826479249056147     
   1.4480070910264411E-005  0.22655044702724408     
   1.4650110414677762E-005  0.22490306685537120     
   1.4823704872937423E-005  0.22326427257110007     
   1.4999359175015340E-005  0.22154654983881036     
   1.5176079828938934E-005  0.21994744269034092     
   1.5365208253638678E-005  0.21824457949601878     
   1.5554755566609272E-005  0.21668922583819142     
   1.5740392553184154E-005  0.21524854513034528     
   1.5927778864251738E-005  0.21390549939802367     
   1.6095710244776282E-005  0.21280260664847148     
   1.6251161411235188E-005  0.21183194285840376     
   1.6399437237817828E-005  0.21093103999926122     
   1.6544453730851162E-005  0.21007416321895309     
   1.6688530244286945E-005  0.20924015678929378     
   1.6837211162318501E-005  0.20837641037608273     
   1.6986804433440012E-005  0.20754161998862403     
   1.7145434384373577E-005  0.20663286654473123     
   1.7310300215359102E-005  0.20569756588083446     
   1.7488993589332218E-005  0.20474485630126046     
   1.7689120027290281E-005  0.20371879894511402     
   1.7897073758380088E-005  0.20270248340319588     
   1.8096788350219263E-005  0.20176091430189905     
   1.8297819281600140E-005  0.20070500400011826     
   1.8510248754980055E-005  0.19962657860386543     
   1.8740800658916676E-005  0.19855876303114647     
   1.8994937656400350E-005  0.19751501532062096     
   1.9269349966652024E-005  0.19646340222497027     
   1.9578038023644503E-005  0.19544957399730889     
   1.9901658049074736E-005  0.19454133276501057     
   2.0227378465723833E-005  0.19362031417336151     
   2.0578042775417142E-005  0.19243530505668255     
   2.0944338606466411E-005  0.19118268125859933     
   2.1326045727796535E-005  0.18987420468360305     
   2.1726544750128837E-005  0.18857161863433397     
   2.2149559209409496E-005  0.18730515257721164     
   2.2570990502747973E-005  0.18621439935027276     
   2.2969894520770457E-005  0.18512478473673261     
   2.3382751078882154E-005  0.18390218106172199     
   2.3780690630941138E-005  0.18275208212550750     
   2.4167174287897022E-005  0.18172895750209953     
   2.4552282845607035E-005  0.18086199075909531     
   2.4877787832779496E-005  0.18013576512123022     
   2.5149938290582525E-005  0.17954675094639067     
   2.5420421755681391E-005  0.17900517822457859     
   2.5696406049497075E-005  0.17843464947775342     
   2.6054493140983478E-005  0.17755268632317547     
   2.6466820199098899E-005  0.17650776048007971     
   2.6856906103360015E-005  0.17551018819479161     
   2.7202905544147047E-005  0.17465219876455029     
   2.7514795756694233E-005  0.17392957776205972     
   2.7807377066314746E-005  0.17319179238895968     
   2.8089406609290893E-005  0.17243790014553376     
   2.8380972753286270E-005  0.17168791322353161     
   2.8692435134675148E-005  0.17094739079832330     
   2.9034660504516875E-005  0.17018938135586231     
   2.9424675111674268E-005  0.16944385320233335     
   2.9857980240857115E-005  0.16864192326775232     
   3.0324165984107091E-005  0.16781407965114892     
   3.0865490383309802E-005  0.16697670743813528     
   3.1383432621335959E-005  0.16620140441107478     
   3.1955303884730030E-005  0.16535653397310995     
   3.2553890993093702E-005  0.16445074336343668     
   3.3135266137741009E-005  0.16344884560851736     
   3.3732696725840468E-005  0.16237175216894792     
   3.4386994817974382E-005  0.16126975367558602     
   3.5051912474545501E-005  0.16036279709426987     
   3.5660919467009760E-005  0.15964624279951409     
   3.6346416475314333E-005  0.15888549671465066     
   3.7018106638698160E-005  0.15810053653739131     
   3.7639011447109194E-005  0.15735440756212335     
   3.8186581727788882E-005  0.15671067177709794     
   3.8717812659042099E-005  0.15603873010842245     
   3.9221214626528006E-005  0.15536160116736442     
   3.9642940284997878E-005  0.15485520286871055     
   4.0109038744102285E-005  0.15433362455584512     
   4.0622447834291797E-005  0.15378614488886677     
   4.1138243922196682E-005  0.15334151814760294     
   4.1647005385987320E-005  0.15294202048713071     
   4.2216637986687443E-005  0.15243872241121728     
   4.2838774887498391E-005  0.15187807279240037     
   4.3524139048610102E-005  0.15120926224654449     
   4.4290267607501430E-005  0.15056564819881613     
   4.5066688319593439E-005  0.14999837751876113     
   4.5770335221184894E-005  0.14951588779648867     
   4.6509085103292677E-005  0.14907322659202574     
   4.7341895314986380E-005  0.14858099098856692     
   4.8190176020600457E-005  0.14812137756594720     
   4.9034047094394680E-005  0.14761865786568784     
   4.9764622889628088E-005  0.14719516038924424     
   5.0449622505057258E-005  0.14685776783894192     
   5.1089803628107465E-005  0.14659168268793429     
   5.1655773619164564E-005  0.14633988597063274     
   5.2230435010000413E-005  0.14608957377299120     
   5.2930964322451992E-005  0.14574655846272103     
   5.3779548034924538E-005  0.14527161997403898     
   5.4701741171316917E-005  0.14468340433894306     
   5.5565159935201822E-005  0.14413518906226319     
   5.6374591725429837E-005  0.14368225977115084     
   5.7258191644758785E-005  0.14326984390273659     
   5.8180536503990541E-005  0.14292891072176442     
   5.9087554902197900E-005  0.14258291535148337     
   6.0013660768716296E-005  0.14223225261124356     
   6.0980504788058998E-005  0.14187747795384154     
   6.1929007567370473E-005  0.14158958795974541     
   6.2877594911746738E-005  0.14126278906544934     
   6.3830528595890113E-005  0.14091941610025152     
   6.4723893866613143E-005  0.14062359616962267     
   6.5584137937591024E-005  0.14037435491000300     
   6.6505501927770154E-005  0.14012971367643329     
   6.7439304229742692E-005  0.13989776361429304     
   6.8366210306442023E-005  0.13968295040737494     
   6.9232904847235961E-005  0.13947495638637242     
   7.0130648433848304E-005  0.13923748018451168     
   7.1015122609963967E-005  0.13901709929293155     
   7.1868996302434322E-005  0.13880869176711241     
   7.2767714114312432E-005  0.13862739515042249     
   7.3742795476590644E-005  0.13841269129599248     
   7.4698521954707844E-005  0.13818946727720166     
   7.5652121181771987E-005  0.13796422883908419     
   7.6601434391745455E-005  0.13778475839062584     
   7.7531590553344060E-005  0.13755178079211786     
   7.8479987995936899E-005  0.13733326220909284     
   7.9425928064470643E-005  0.13712742902949027     
   8.0366678477649669E-005  0.13692966440751073     
   8.1280873992638618E-005  0.13675276416254650     
   8.2176773760057580E-005  0.13658909300364847     
   8.3154244977807378E-005  0.13638274164036968     
   8.4114338506497763E-005  0.13622637101715329     
   8.5084308374980228E-005  0.13609224584230598     
   8.6001897715184733E-005  0.13594841021019438     
   8.6970447467068243E-005  0.13575597833063743     
   8.7894904171609650E-005  0.13560315006121007     
   8.8882567433433012E-005  0.13547508626823229     
   8.9830339978134890E-005  0.13534792907926496     
   9.0784951417886359E-005  0.13518725851982055     
   9.1723125400131132E-005  0.13503590832776566     
   9.2638071340483071E-005  0.13489339590439636     
   9.3596672021993991E-005  0.13477193309504351     
   9.4553970852798031E-005  0.13464694861663259     
   9.5468387327375862E-005  0.13452265548769241     
   9.6425048991466279E-005  0.13437232008010794     
   9.7321503896382857E-005  0.13424382203890681     
   9.8043205424178383E-005  0.13414005223182421     
   9.8894707025724349E-005  0.13401006762939593     
   9.9869805590823435E-005  0.13387599317549753     
   1.0074159964404390E-004  0.13375500753249994     
   1.0163704633766823E-004  0.13363252997218256     
   1.0242048619163853E-004  0.13353366722054313     
   1.0328964888864360E-004  0.13343579943978304     
   1.0421008733487655E-004  0.13336046247244424     
   1.0517934839928547E-004  0.13327652641623977     
   1.0609769805338011E-004  0.13320520800628274     
   1.0701660366549396E-004  0.13310607546363001     
   1.0784226164397115E-004  0.13300279334299459     
   1.0875149904051933E-004  0.13290101607943069     
   1.0965536854497482E-004  0.13279701291985485     
   1.1053983733200669E-004  0.13268876609417271     
   1.1149352822454390E-004  0.13254621208422629     
   1.1243582700812179E-004  0.13242132520683675     
   1.1338614509654757E-004  0.13229179785905601     
   1.1431270312191032E-004  0.13216512048704446     
   1.1516653029375874E-004  0.13204304597130828     
   1.1608883833852476E-004  0.13190176802147838     
   1.1702082211677505E-004  0.13176115430443408     
   1.1791992947908069E-004  0.13162678487542265     
   1.1881721542833181E-004  0.13149376476245953     
   1.1971370821229688E-004  0.13137901294529872     
   1.1994022807781094E-004  0.13135299285108568     
