# RMS shrinking factor for the case B18Ra9CT1
   1.0999999999999998E-007  0.99999935238224291     
   2.1000000000000008E-007  0.99999870725259055     
   3.1000000000000016E-007  0.99999823354388595     
   4.1000000000000026E-007  0.99999682116826483     
   5.1000000000000031E-007  0.99999604738749215     
   6.1000000000000041E-007  0.99999474827309609     
   7.1000000000000051E-007  0.99999261949488727     
   8.1000000000000061E-007  0.99999166416373386     
   9.1000000000000071E-007  0.99998887751720356     
   1.0100000000000003E-006  0.99998633631112177     
   1.1099999999999993E-006  0.99998439518133064     
   1.2099999999999984E-006  0.99997962847760413     
   1.3099999999999974E-006  0.99997749796690150     
   1.4099999999999965E-006  0.99997277371505244     
   1.5099999999999955E-006  0.99996732012555334     
   1.6099999999999945E-006  0.99996424889337121     
   1.7099999999999936E-006  0.99995602027234165     
   1.8099999999999926E-006  0.99995023323096222     
   1.9099999999999919E-006  0.99994395682063442     
   2.0099999999999909E-006  0.99993287474198966     
   2.1099999999999900E-006  0.99992714463606769     
   2.2099999999999890E-006  0.99991519592746814     
   2.3099999999999880E-006  0.99990449466858122     
   2.4099999999999871E-006  0.99989547213653363     
   2.5099999999999861E-006  0.99987876415505594     
   2.6099999999999852E-006  0.99986783078342867     
   2.7099999999999842E-006  0.99985293868810798     
   2.8099999999999833E-006  0.99983369154541901     
   2.9099999999999823E-006  0.99982101416582425     
   3.0099999999999813E-006  0.99979885370297683     
   3.1099999999999804E-006  0.99977860098206672     
   3.2099999999999794E-006  0.99976020735711235     
   3.3099999999999785E-006  0.99972989297690418     
   3.4099999999999775E-006  0.99971013241598838     
   3.5099999999999766E-006  0.99968155759223254     
   3.6099999999999756E-006  0.99965130128149315     
   3.7099999999999746E-006  0.99962604992265236     
   3.8099999999999737E-006  0.99958858055221500     
   3.9099999999999727E-006  0.99955602791512543     
   4.0099999999999718E-006  0.99952100292937696     
   4.1099999999999708E-006  0.99947803303260474     
   4.2099999999999699E-006  0.99944136181635934     
   4.3099999999999689E-006  0.99939657020079276     
   4.4099999999999679E-006  0.99935126918653494     
   4.5099999999999670E-006  0.99930465678150071     
   4.6099999999999660E-006  0.99925153829521218     
   4.7099999999999651E-006  0.99919959344079801     
   4.8099999999999641E-006  0.99914262201132009     
   4.9099999999999632E-006  0.99908418518190345     
   5.0099999999999622E-006  0.99902113783239754     
   5.1099999999999612E-006  0.99895692688602655     
   5.2099999999999603E-006  0.99888987886881364     
   5.3099999999999593E-006  0.99881476662421331     
   5.4099999999999584E-006  0.99874925198886189     
   5.5099999999999574E-006  0.99866428659524109     
   5.6099999999999565E-006  0.99858583428857928     
   5.7099999999999555E-006  0.99850657278544908     
   5.8099999999999545E-006  0.99840455766989167     
   5.9099999999999536E-006  0.99832873460758420     
   6.0099999999999526E-006  0.99822922486716614     
   6.1099999999999517E-006  0.99812276867956862     
   6.2099999999999507E-006  0.99804534779691623     
   6.3099999999999498E-006  0.99791451309764512     
   6.4099999999999488E-006  0.99781385427823499     
   6.5099999999999478E-006  0.99771370199079734     
   6.6099999999999469E-006  0.99757186030053746     
   6.7099999999999459E-006  0.99749096315905739     
   6.8099999999999450E-006  0.99734086582409076     
   6.9099999999999440E-006  0.99721153664983764     
   7.0099999999999430E-006  0.99711697606964778     
   7.1099999999999421E-006  0.99692852891558681     
   7.2099999999999411E-006  0.99682909228044636     
   7.3099999999999402E-006  0.99669187088032130     
   7.4099999999999392E-006  0.99650161902885492     
   7.5099999999999383E-006  0.99642919880540604     
   7.6099999999999373E-006  0.99620589109158497     
   7.7099999999999363E-006  0.99608164804126365     
   7.8099999999999354E-006  0.99596083752462661     
   7.9099999999999344E-006  0.99571510937041707     
   8.0099999999999335E-006  0.99565582441167677     
   8.1099999999999325E-006  0.99546903158405442     
   8.2099999999999316E-006  0.99527779074631606     
   8.3099999999999306E-006  0.99523085050380200     
   8.4099999999999296E-006  0.99496692222898764     
   8.5099999999999287E-006  0.99485204028446472     
   8.6099999999999277E-006  0.99473992677793222     
   8.7099999999999268E-006  0.99451242683192165     
   8.8099999999999258E-006  0.99448600325601089     
   8.9099999999999249E-006  0.99426531657438588     
   9.0099999999999239E-006  0.99413075451057209     
   9.1099999999999229E-006  0.99407612976453219     
   9.2099999999999220E-006  0.99383703892180097     
   9.3099999999999210E-006  0.99379663765319348     
   9.4099999999999201E-006  0.99368231370066240     
   9.5099999999999191E-006  0.99351574771875517     
   9.6099999999999182E-006  0.99351643197555484     
   9.7099999999999172E-006  0.99336845063255230     
   9.8099999999999162E-006  0.99332289746583347     
   9.9099999999999153E-006  0.99327099916231021     
   1.0009999999999914E-005  0.99314706883053061     
   1.0109999999999913E-005  0.99315162403385138     
   1.0209999999999912E-005  0.99308142024923007     
   1.0309999999999911E-005  0.99302942046279774     
   1.0409999999999910E-005  0.99301860589248736     
   1.0509999999999910E-005  0.99295309598427595     
   1.0609999999999909E-005  0.99292582774825111     
   1.0709999999999908E-005  0.99288878291324623     
   1.0809999999999907E-005  0.99283581677669364     
   1.0909999999999906E-005  0.99279472291962501     
   1.1009999999999905E-005  0.99272798602204881     
   1.1109999999999904E-005  0.99265134313867531     
   1.1209999999999903E-005  0.99256344743165237     
   1.1309999999999902E-005  0.99246295084325409     
   1.1409999999999901E-005  0.99234818712851369     
   1.1509999999999900E-005  0.99221709094773292     
   1.1609999999999899E-005  0.99206699022678646     
   1.1709999999999898E-005  0.99189447137000586     
   1.1809999999999897E-005  0.99169486384857208     
   1.1909999999999896E-005  0.99146160128844396     
   1.2373639410516144E-005  0.82898754410765396     
   1.2427880347610365E-005  0.81757789050331264     
   1.2461496577139932E-005  0.80641795733828070     
   1.2486745731334130E-005  0.79565065612137753     
   1.2507530679357023E-005  0.78520477605506744     
   1.2525624424913417E-005  0.77491997055389084     
   1.2541996910392728E-005  0.76451064139601277     
   1.2557250634366526E-005  0.75371216496783400     
   1.2571638590228733E-005  0.74248442298169914     
   1.2584724301285099E-005  0.73139064385174402     
   1.2596794271812042E-005  0.72042177366503546     
   1.2608128460252035E-005  0.70953490184788282     
   1.2618924566986712E-005  0.69873468160391172     
   1.2629328602948231E-005  0.68797821826172678     
   1.2639453557844523E-005  0.67726235962084469     
   1.2649391624405575E-005  0.66668562480234717     
   1.2659220780426248E-005  0.65630284158436225     
   1.2669002090439396E-005  0.64613564173979032     
   1.2678662835384334E-005  0.63640507816160163     
   1.2688208188893782E-005  0.62718092660533831     
   1.2697685797031135E-005  0.61838113458966038     
   1.2707137803309313E-005  0.60996974369583556     
   1.2716606960417199E-005  0.60189651438765968     
   1.2726133917155304E-005  0.59406778806715632     
   1.2735757292809974E-005  0.58652355716519100     
   1.2745513290642331E-005  0.57933943616817152     
   1.2755440984872819E-005  0.57252633237116168     
   1.2765580586495701E-005  0.56618063164693655     
   1.2775974464437792E-005  0.56032573769943783     
   1.2786612836960582E-005  0.55497754571378988     
   1.2797047923918956E-005  0.55033620231874114     
   1.2807247353450344E-005  0.54638869357862441     
   1.2817295111622147E-005  0.54298266419446184     
   1.2827263107095523E-005  0.53992741947415090     
   1.2837213580568752E-005  0.53714643441808185     
   1.2847202916128029E-005  0.53462407914842147     
   1.2857283150327814E-005  0.53232826787577259     
   1.2867504818224116E-005  0.53022973405102081     
   1.2877917481388123E-005  0.52831200938832168     
   1.2888568870212500E-005  0.52656367854264374     
   1.2899511172184118E-005  0.52495440262854398     
   1.2910794381413055E-005  0.52346294333524102     
   1.2922473811669853E-005  0.52207630228151181     
   1.2934606732640410E-005  0.52077807344227800     
   1.2947254714082384E-005  0.51955417125645376     
   1.2960483774316845E-005  0.51839510049585658     
   1.2974361444185010E-005  0.51726705057469424     
   1.2988970141360321E-005  0.51606399637559230     
   1.3004391748586769E-005  0.51473510775429199     
   1.3020718948495149E-005  0.51337716094707442     
   1.3038048627065739E-005  0.51201364091503343     
   1.3056496989169409E-005  0.51068384844516335     
   1.3076180161323072E-005  0.50943147396975952     
   1.3097233722095134E-005  0.50829142275938932     
   1.3119805926267216E-005  0.50728581095684311     
   1.3144047104186074E-005  0.50643378524643989     
   1.3170123622943145E-005  0.50574976363039570     
   1.3198222454498434E-005  0.50524105474972292     
   1.3228553661968326E-005  0.50490792830395448     
   1.3261344167827168E-005  0.50469729171219768     
   1.3296850846160149E-005  0.50450166922596829     
   1.3335361894644152E-005  0.50422772480536682     
   1.3377223125429609E-005  0.50384176610671227     
   1.3422778459928458E-005  0.50328685917488403     
   1.3472480295716516E-005  0.50251423398502637     
   1.3526763382733031E-005  0.50156297461880495     
   1.3586043501238705E-005  0.50041557999161290     
   1.3650985671824457E-005  0.49904137167958579     
   1.3722392562937183E-005  0.49755197428574982     
   1.3800983312098797E-005  0.49605754074933806     
   1.3887610531044529E-005  0.49459337030651612     
   1.3983503028237902E-005  0.49325176232447493     
   1.4089138826944730E-005  0.49192717843235578     
   1.4205864503856922E-005  0.49062042394979527     
   1.4320026033950435E-005  0.48930711412149008     
   1.4425178755332312E-005  0.48790761767677987     
   1.4526733800702809E-005  0.48650206427330900     
   1.4628186275088036E-005  0.48516920967050031     
   1.4732421345314767E-005  0.48382653294211669     
   1.4842423638737966E-005  0.48248133050913677     
   1.4961215075169105E-005  0.48089622060979448     
   1.5092439423279257E-005  0.47879223422372391     
   1.5239938791259990E-005  0.47586387236815242     
   1.5392799900119714E-005  0.47261787268310723     
   1.5546559156229392E-005  0.46941441884667462     
   1.5705852084056629E-005  0.46600904994895004     
   1.5875999072424081E-005  0.46252453498713919     
   1.6054988383651283E-005  0.45888477500671132     
   1.6235103950521096E-005  0.45544714245815876     
   1.6422056007464623E-005  0.45216528706546022     
   1.6621527432490660E-005  0.44905947630944432     
   1.6841205222281951E-005  0.44611257954874600     
   1.7090590248457404E-005  0.44319096044118622     
   1.7359856371412278E-005  0.44050504631830939     
   1.7631911432997655E-005  0.43830609881185040     
   1.7914612814891339E-005  0.43656831919840267     
   1.8219150942406367E-005  0.43520640153449985     
   1.8560527819275922E-005  0.43402282287409788     
   1.8956919911933716E-005  0.43290268848461871     
   1.9434159576152145E-005  0.43190112456645646     
   2.0030130062612715E-005  0.43111803196944309     
   2.0718224886168800E-005  0.43006664021167695     
   2.1472978073273316E-005  0.42899263208190547     
   2.2292980772278410E-005  0.42807702824452804     
   2.3159589643025059E-005  0.42672064468585291     
   2.3986030048882531E-005  0.42554594056172190     
   2.4788556989326535E-005  0.42444433017139044     
   2.5584846541813327E-005  0.42350918811718646     
   2.6390596503225147E-005  0.42229946292747816     
   2.7239550467358576E-005  0.42055337148896305     
   2.8141900151277559E-005  0.41820868957991009     
   2.9126498251902853E-005  0.41524706411445489     
   3.0126498251902843E-005  0.41162951333844960     
   3.1126498251902857E-005  0.40787101773195999     
   3.2126498251902882E-005  0.40480221110755016     
   3.3126498251902906E-005  0.40220101401642644     
   3.4126498251902930E-005  0.40012753863736383     
   3.5126498251902954E-005  0.39833539046585520     
   3.6126498251902979E-005  0.39685196394151057     
   3.7126498251903003E-005  0.39583149795187167     
   3.8126498251903027E-005  0.39500135578303364     
   3.9126498251903052E-005  0.39409372750933752     
   4.0126498251903076E-005  0.39292540034730017     
   4.1126498251903100E-005  0.39136101522117278     
   4.2126498251903125E-005  0.38954390465316685     
   4.3126498251903149E-005  0.38764623042292568     
   4.4126498251903173E-005  0.38581297737179943     
   4.5126498251903198E-005  0.38408220557652972     
   4.6126498251903222E-005  0.38243744791428758     
   4.7126498251903246E-005  0.38084488446927545     
   4.8126498251903270E-005  0.37930615390161104     
   4.9126498251903295E-005  0.37782389899551710     
   5.0126498251903319E-005  0.37619378300603695     
   5.1126498251903343E-005  0.37442382340941688     
   5.2126498251903368E-005  0.37271897343328381     
   5.3126498251903392E-005  0.37108069245368802     
   5.4126498251903416E-005  0.36937573094761955     
   5.5126498251903441E-005  0.36760712681762864     
   5.6126498251903465E-005  0.36595491457427737     
   5.7126498251903489E-005  0.36459151104903320     
   5.8126498251903514E-005  0.36329350615644512     
   5.9126498251903538E-005  0.36221138475753945     
   6.0126498251903562E-005  0.36130670462740888     
   6.1126498251903586E-005  0.36060518327043395     
   6.2126498251903611E-005  0.36009952936229123     
   6.3126498251903635E-005  0.35971414449666123     
   6.4126498251903659E-005  0.35941885596247308     
   6.5126498251903684E-005  0.35911625891781890     
   6.6126498251903708E-005  0.35873549057476001     
   6.7126498251903732E-005  0.35822382230812583     
   6.8126498251903757E-005  0.35762064507892583     
   6.9126498251903781E-005  0.35700895828243590     
   7.0126498251903805E-005  0.35640166188791805     
   7.1126498251903830E-005  0.35582437413437651     
   7.2126498251903854E-005  0.35529159169824492     
   7.3126498251903878E-005  0.35468282451133432     
   7.4126498251903902E-005  0.35395512375519350     
   7.5126498251903927E-005  0.35321126912916867     
   7.6126498251903951E-005  0.35256890566386057     
   7.7126498251903975E-005  0.35193127354099063     
   7.8126498251904000E-005  0.35122425047290834     
   7.9126498251904024E-005  0.35053594202511401     
   8.0126498251904048E-005  0.34994653529246816     
   8.1126498251904073E-005  0.34939138407832060     
   8.2126498251904097E-005  0.34889034285782933     
   8.3126498251904121E-005  0.34833093344991972     
   8.4126498251904146E-005  0.34778794036385208     
   8.5126498251904170E-005  0.34719892772116645     
   8.6126498251904194E-005  0.34659277041683323     
   8.7126498251904218E-005  0.34588284603659869     
   8.8126498251904243E-005  0.34519432409197653     
   8.9126498251904267E-005  0.34449677412562979     
   9.0126498251904291E-005  0.34380604339980458     
   9.1126498251904316E-005  0.34318459358559622     
   9.2126498251904340E-005  0.34262298486291820     
   9.3126498251904364E-005  0.34213524433946679     
   9.4126498251904389E-005  0.34169745795962653     
   9.5126498251904413E-005  0.34123611868044401     
   9.6126498251904437E-005  0.34075831689314617     
   9.7126498251904462E-005  0.34032709873353162     
   9.8126498251904486E-005  0.33989434040103250     
   9.9126498251904510E-005  0.33952520781034090     
   1.0012649825190453E-004  0.33922323996502851     
   1.0112649825190456E-004  0.33893810428856852     
   1.0212649825190458E-004  0.33867125293279504     
   1.0312649825190461E-004  0.33839314765705059     
   1.0412649825190463E-004  0.33810372098771158     
   1.0512649825190466E-004  0.33774696871680615     
   1.0612649825190468E-004  0.33741149952680122     
   1.0712649825190470E-004  0.33704772658229432     
   1.0812649825190473E-004  0.33661331521612869     
   1.0912649825190475E-004  0.33615256031099389     
   1.1012649825190478E-004  0.33569768211233081     
   1.1112649825190480E-004  0.33524294632106322     
   1.1212649825190483E-004  0.33475231423678775     
   1.1312649825190485E-004  0.33423971086537801     
   1.1412649825190487E-004  0.33373388357813022     
   1.1512649825190490E-004  0.33323669417443430     
   1.1612649825190492E-004  0.33273586500331542     
   1.1712649825190495E-004  0.33219710424255328     
   1.1812649825190497E-004  0.33165909067797966     
   1.1912649825190500E-004  0.33112982642482613     
   1.1992649825190502E-004  0.33075966955241037     
