# RMS shrinking factor for the case B1Ra10CT10
   1.0999999999999998E-007  0.99999993289005895     
   2.1000000000000008E-007  0.99999986410004582     
   3.1000000000000016E-007  0.99999979360379387     
   4.1000000000000026E-007  0.99999972137331894     
   5.1000000000000031E-007  0.99999964738039682     
   6.1000000000000041E-007  0.99999903563869696     
   7.1000000000000051E-007  0.99999351483801813     
   8.1000000000000061E-007  0.99998786548634611     
   9.1000000000000071E-007  0.99998208425078028     
   1.0100000000000003E-006  0.99997616911998322     
   1.1099999999999993E-006  0.99997011850053852     
   1.2099999999999984E-006  0.99996393136070627     
   1.3099999999999974E-006  0.99996383388383669     
   1.4099999999999965E-006  0.99996373392916293     
   1.5099999999999955E-006  0.99996363181194514     
   1.6099999999999945E-006  0.99996352743082684     
   1.7099999999999936E-006  0.99996342073945865     
   1.8099999999999926E-006  0.99996331169911712     
   1.9099999999999919E-006  0.99995610606646879     
   2.0099999999999909E-006  0.99994874909740594     
   2.1099999999999900E-006  0.99994123565704751     
   2.2099999999999890E-006  0.99993356121133026     
   2.3099999999999880E-006  0.99992572565178039     
   2.4099999999999871E-006  0.99991772933306200     
   2.5099999999999861E-006  0.99991679109301357     
   2.6099999999999852E-006  0.99991664376227507     
   2.7099999999999842E-006  0.99991649355356527     
   2.8099999999999833E-006  0.99991634029386078     
   2.9099999999999823E-006  0.99991618392006254     
   3.0099999999999813E-006  0.99991602438266503     
   3.1099999999999804E-006  0.99990770057428346     
   3.2099999999999794E-006  0.99989829435019040     
   3.3099999999999785E-006  0.99988870313652090     
   3.4099999999999775E-006  0.99987892538199674     
   3.5099999999999766E-006  0.99986895872980452     
   3.6099999999999756E-006  0.99985880080659961     
   3.7099999999999746E-006  0.99985657967212849     
   3.8099999999999737E-006  0.99985636718947735     
   3.9099999999999727E-006  0.99985615090127700     
   4.0099999999999718E-006  0.99985593054567246     
   4.1099999999999708E-006  0.99985570604472529     
   4.2099999999999699E-006  0.99985547733821245     
   4.3099999999999689E-006  0.99984615957847378     
   4.4099999999999679E-006  0.99983438093308707     
   4.5099999999999670E-006  0.99982238971820836     
   4.6099999999999660E-006  0.99981018353873430     
   4.7099999999999651E-006  0.99979776008345567     
   4.8099999999999641E-006  0.99978511750757793     
   4.9099999999999632E-006  0.99978107835089935     
   5.0099999999999622E-006  0.99978078109704438     
   5.1099999999999612E-006  0.99978047898812605     
   5.2099999999999603E-006  0.99978017159682031     
   5.3099999999999593E-006  0.99977985882591736     
   5.4099999999999584E-006  0.99977954060872398     
   5.5099999999999574E-006  0.99977083669770783     
   5.6099999999999565E-006  0.99975635404278873     
   5.7099999999999555E-006  0.99974163219950440     
   5.8099999999999545E-006  0.99972666831042734     
   5.9099999999999536E-006  0.99971145734815947     
   6.0099999999999526E-006  0.99969600111640489     
   6.1099999999999517E-006  0.99968950914306731     
   6.2099999999999507E-006  0.99968910177318915     
   6.3099999999999498E-006  0.99968868846448267     
   6.4099999999999488E-006  0.99968826839266756     
   6.5099999999999478E-006  0.99968784144490697     
   6.6099999999999469E-006  0.99968740753715224     
   6.7099999999999459E-006  0.99967848614196675     
   6.8099999999999450E-006  0.99966087011632188     
   6.9099999999999440E-006  0.99964297919094391     
   7.0099999999999430E-006  0.99962480884968319     
   7.1099999999999421E-006  0.99960635490015559     
   7.2099999999999411E-006  0.99958761792313722     
   7.3099999999999402E-006  0.99957787223072070     
   7.4099999999999392E-006  0.99957732494605112     
   7.5099999999999383E-006  0.99957676856620359     
   7.6099999999999373E-006  0.99957620363540001     
   7.7099999999999363E-006  0.99957563002003968     
   7.8099999999999354E-006  0.99957504762277449     
   7.9099999999999344E-006  0.99956630495925802     
   8.0099999999999335E-006  0.99954511909527965     
   8.1099999999999325E-006  0.99952362244060977     
   8.2099999999999316E-006  0.99950181628403467     
   8.3099999999999306E-006  0.99947969175209572     
   8.4099999999999296E-006  0.99945725566976762     
   8.5099999999999287E-006  0.99944335609042678     
   8.6099999999999277E-006  0.99944262967796693     
   8.7099999999999268E-006  0.99944189466607014     
   8.8099999999999258E-006  0.99944114901193182     
   8.9099999999999249E-006  0.99944039255527084     
   9.0099999999999239E-006  0.99943962518481000     
   9.1099999999999229E-006  0.99943158639584517     
   9.2099999999999220E-006  0.99940635194576277     
   9.3099999999999210E-006  0.99938077950947835     
   9.4099999999999201E-006  0.99935485697802873     
   9.5099999999999191E-006  0.99932857318630353     
   9.6099999999999182E-006  0.99930193210721463     
   9.7099999999999172E-006  0.99928278956351790     
   9.8099999999999162E-006  0.99928184850291746     
   9.9099999999999153E-006  0.99928088947923677     
   1.0009999999999914E-005  0.99927991739309785     
   1.0109999999999913E-005  0.99927893205600082     
   1.0209999999999912E-005  0.99927793334228510     
   1.0309999999999911E-005  0.99927122132638424     
   1.0409999999999910E-005  0.99924150626845865     
   1.0509999999999910E-005  0.99921140535016206     
   1.0609999999999909E-005  0.99918091474013160     
   1.0709999999999908E-005  0.99915003039328820     
   1.0809999999999907E-005  0.99911875454921484     
   1.0909999999999906E-005  0.99909013189448304     
   1.1009999999999905E-005  0.99908893135981436     
   1.1109999999999904E-005  0.99908770081508425     
   1.1209999999999903E-005  0.99908645434108023     
   1.1309999999999902E-005  0.99908519168684184     
   1.1409999999999901E-005  0.99908391276899600     
   1.1509999999999900E-005  0.99907931255181659     
   1.1609999999999899E-005  0.99904455744670706     
   1.1709999999999898E-005  0.99900939680817180     
   1.1809999999999897E-005  0.99897382483663333     
   1.1909999999999896E-005  0.99893782502534600     
   1.2009999999999895E-005  0.99890138173413889     
   1.2109999999999894E-005  0.99886449486101259     
   1.2209999999999893E-005  0.99886295438923223     
   1.2309999999999892E-005  0.99886139211351477     
   1.2409999999999891E-005  0.99885981063799778     
   1.2509999999999890E-005  0.99885820961753624     
   1.2609999999999889E-005  0.99885658888876161     
   1.2709999999999888E-005  0.99885494829683097     
   1.2809999999999888E-005  0.99881469893109309     
   1.2909999999999887E-005  0.99877398669862794     
   1.3009999999999886E-005  0.99873280729393243     
   1.3109999999999885E-005  0.99869116131860836     
   1.3209999999999884E-005  0.99864903341687739     
   1.3309999999999883E-005  0.99860641458816868     
   1.3409999999999882E-005  0.99860038364584447     
   1.3509999999999881E-005  0.99859842267457488     
   1.3609999999999880E-005  0.99859643878143112     
   1.3709999999999879E-005  0.99859443149746563     
   1.3809999999999878E-005  0.99859240065200572     
   1.3909999999999877E-005  0.99859034612358533     
   1.4009999999999876E-005  0.99854843742823196     
   1.4109999999999875E-005  0.99850161728778952     
   1.4209999999999874E-005  0.99845427779857110     
   1.4309999999999873E-005  0.99840642794165346     
   1.4409999999999872E-005  0.99835807676913402     
   1.4509999999999871E-005  0.99830921289471453     
   1.4609999999999870E-005  0.99829745216044274     
   1.4709999999999869E-005  0.99829501628560557     
   1.4809999999999868E-005  0.99829255352279467     
   1.4909999999999867E-005  0.99829006322430980     
   1.5009999999999866E-005  0.99828754517940499     
   1.5109999999999865E-005  0.99828499909459123     
   1.5209999999999865E-005  0.99824717427176135     
   1.5309999999999872E-005  0.99819375666990351     
   1.5409999999999888E-005  0.99813978397553271     
   1.5509999999999904E-005  0.99808525048745800     
   1.5609999999999920E-005  0.99803017619266210     
   1.5709999999999936E-005  0.99797454989704826     
   1.5809999999999952E-005  0.99795567963959531     
   1.5909999999999968E-005  0.99795268518500568     
   1.6009999999999984E-005  0.99794965936396762     
   1.6110000000000000E-005  0.99794660096337340     
   1.6210000000000016E-005  0.99794350973275670     
   1.6310000000000032E-005  0.99794038537223351     
   1.6410000000000048E-005  0.99790307750052365     
   1.6510000000000064E-005  0.99784251548422742     
   1.6610000000000080E-005  0.99778136447576249     
   1.6710000000000096E-005  0.99771961079653204     
   1.6810000000000112E-005  0.99765725867615074     
   1.6910000000000128E-005  0.99759428813841333     
   1.7010000000000144E-005  0.99756676165218150     
   1.7110000000000160E-005  0.99756311100101014     
   1.7210000000000176E-005  0.99755942487300986     
   1.7310000000000192E-005  0.99755570078358147     
   1.7410000000000208E-005  0.99755193872874337     
   1.7510000000000224E-005  0.99754813845396495     
   1.7610000000000240E-005  0.99751236569097734     
   1.7710000000000256E-005  0.99744411592496873     
   1.7810000000000272E-005  0.99737524304894842     
   1.7910000000000288E-005  0.99730573808365441     
   1.8010000000000304E-005  0.99723558601884144     
   1.8110000000000320E-005  0.99716478328570535     
   1.8210000000000336E-005  0.99712695943447005     
   1.8310000000000352E-005  0.99712255587423038     
   1.8410000000000368E-005  0.99711810481007068     
   1.8510000000000384E-005  0.99711360965127660     
   1.8610000000000399E-005  0.99710906956722678     
   1.8710000000000415E-005  0.99710448471003332     
   1.8810000000000431E-005  0.99707134475416337     
   1.8910000000000447E-005  0.99699491095314108     
   1.9010000000000463E-005  0.99691778525956110     
   1.9110000000000479E-005  0.99683998926064366     
   1.9210000000000495E-005  0.99676151932536949     
   1.9310000000000511E-005  0.99668239207755283     
   1.9410000000000527E-005  0.99663249092190254     
   1.9510000000000543E-005  0.99662718799728123     
   1.9610000000000559E-005  0.99662184044150026     
   1.9710000000000575E-005  0.99661644178773778     
   1.9810000000000591E-005  0.99661099165478373     
   1.9910000000000607E-005  0.99660548982197217     
   2.0010000000000623E-005  0.99657618752334809     
   2.0110000000000639E-005  0.99649075282037025     
   2.0210000000000655E-005  0.99640461068781394     
   2.0310000000000671E-005  0.99631776653691995     
   2.0410000000000687E-005  0.99623020470289114     
   2.0510000000000703E-005  0.99614192070015928     
   2.0610000000000719E-005  0.99606956758863685     
   2.0710000000000735E-005  0.99606323969099964     
   2.0810000000000751E-005  0.99605687181316516     
   2.0910000000000767E-005  0.99605044534970610     
   2.1010000000000783E-005  0.99604396003136153     
   2.1110000000000799E-005  0.99603741554200043     
   2.1210000000000815E-005  0.99601331706120277     
   2.1310000000000831E-005  0.99591866688987651     
   2.1410000000000847E-005  0.99582322692956504     
   2.1510000000000863E-005  0.99572701820966547     
   2.1610000000000879E-005  0.99563002342171103     
   2.1710000000000895E-005  0.99553225022429692     
   2.1810000000000911E-005  0.99544281207133312     
   2.1910000000000927E-005  0.99543539368719924     
   2.2010000000000943E-005  0.99542785944909074     
   2.2110000000000959E-005  0.99542025762449604     
   2.2210000000000975E-005  0.99541258797845333     
   2.2310000000000991E-005  0.99540485083127139     
   2.2410000000001007E-005  0.99538750284939637     
   2.2510000000001023E-005  0.99528294062857692     
   2.2610000000001039E-005  0.99517760288726509     
   2.2710000000001055E-005  0.99507151960225071     
   2.2810000000001071E-005  0.99496462124522833     
   2.2910000000001087E-005  0.99485694615702858     
   2.3010000000001103E-005  0.99474850866823805     
   2.3110000000001119E-005  0.99473974225461070     
   2.3210000000001135E-005  0.99473089069346221     
   2.3310000000001151E-005  0.99472196309235583     
   2.3410000000001167E-005  0.99471296000443732     
   2.3510000000001183E-005  0.99470388215530559     
   2.3610000000001199E-005  0.99469472806655668     
   2.3710000000001215E-005  0.99457996059063802     
   2.3810000000001231E-005  0.99446425137222660     
   2.3910000000001247E-005  0.99434770533147032     
   2.4010000000001263E-005  0.99423034265866206     
   2.4110000000001279E-005  0.99411217577018984     
   2.4210000000001295E-005  0.99399318227611744     
   2.4310000000001311E-005  0.99397200024458099     
   2.4410000000001327E-005  0.99396164286875832     
   2.4510000000001343E-005  0.99395120071960186     
   2.4610000000001358E-005  0.99394067349882831     
   2.4710000000001374E-005  0.99393005971659631     
   2.4810000000001390E-005  0.99391935899980943     
   2.4910000000001406E-005  0.99381667577175148     
   2.5010000000001422E-005  0.99369007137068921     
   2.5110000000001438E-005  0.99356259652323298     
   2.5210000000001454E-005  0.99343430108041997     
   2.5310000000001470E-005  0.99330521323672005     
   2.5410000000001486E-005  0.99317526809864642     
   2.5510000000001502E-005  0.99313963610054956     
   2.5610000000001518E-005  0.99312761100769276     
   2.5710000000001534E-005  0.99311548926253557     
   2.5810000000001550E-005  0.99310327094779549     
   2.5910000000001566E-005  0.99309095540761450     
   2.6010000000001582E-005  0.99307854106340598     
   2.6110000000001598E-005  0.99297893801140147     
   2.6210000000001614E-005  0.99284095664455185     
   2.6310000000001630E-005  0.99270203379369326     
   2.6410000000001646E-005  0.99256216638408490     
   2.6510000000001662E-005  0.99242142292512625     
   2.6610000000001678E-005  0.99227972088292204     
   2.6710000000001694E-005  0.99222735168320297     
   2.6810000000001710E-005  0.99221341818951658     
   2.6910000000001726E-005  0.99219937792502921     
   2.7010000000001742E-005  0.99218522661306430     
   2.7110000000001758E-005  0.99217096561043605     
   2.7210000000001774E-005  0.99215659541102619     
   2.7310000000001790E-005  0.99206137097289959     
   2.7410000000001806E-005  0.99191123405003279     
   2.7510000000001822E-005  0.99176009172540835     
   2.7610000000001838E-005  0.99160800519996484     
   2.7710000000001854E-005  0.99145498754924000     
   2.7810000000001870E-005  0.99130102221757566     
   2.7910000000001886E-005  0.99122960046990705     
   2.8010000000001902E-005  0.99121350801591701     
   2.8110000000001918E-005  0.99119729939136447     
   2.8210000000001934E-005  0.99118096829998792     
   2.8310000000001950E-005  0.99116451396675376     
   2.8410000000001966E-005  0.99114793677426005     
   2.8510000000001982E-005  0.99105877355628125     
   2.8610000000001998E-005  0.99089598801177747     
   2.8710000000002014E-005  0.99073212454263082     
   2.8810000000002030E-005  0.99056717806530870     
   2.8910000000002046E-005  0.99040119996610865     
   2.9010000000002062E-005  0.99023422017294949     
   2.9110000000002078E-005  0.99014117798803825     
   2.9210000000002094E-005  0.99012271088093040     
   2.9310000000002110E-005  0.99010409668701915     
   2.9410000000002126E-005  0.99008534633346024     
   2.9510000000002142E-005  0.99006646112612429     
   2.9610000000002158E-005  0.99004743914890792     
   2.9710000000002174E-005  0.98996600487932507     
   2.9810000000002190E-005  0.98979016893333471     
   2.9910000000002206E-005  0.98961320012345655     
   3.0010000000002222E-005  0.98943518415856990     
   3.0110000000002238E-005  0.98925614366542336     
   3.0210000000002254E-005  0.98907610205440200     
   3.0310000000002270E-005  0.98894313596346839     
   3.0410000000002286E-005  0.98892205493234198     
   3.0510000000002302E-005  0.98890077244468189     
   3.0610000000002317E-005  0.98887933866809075     
   3.0710000000002333E-005  0.98885775140375909     
   3.0810000000002349E-005  0.98883601254627618     
   3.0910000000002365E-005  0.98876423196566621     
   3.1010000000002381E-005  0.98857472427014237     
   3.1110000000002397E-005  0.98838397156578628     
   3.1210000000002413E-005  0.98819208781709333     
   3.1310000000002429E-005  0.98799918568101608     
   3.1410000000002445E-005  0.98780529514023652     
   3.1510000000002461E-005  0.98764480033607371     
   3.1610000000002477E-005  0.98762066164920348     
   3.1710000000002493E-005  0.98759639433267055     
   3.1810000000002509E-005  0.98757195976124557     
   3.1910000000002525E-005  0.98754735981428243     
   3.2010000000002541E-005  0.98752258935737847     
   3.2110000000002557E-005  0.98746217186163188     
   3.2210000000002573E-005  0.98725911723619364     
   3.2310000000002589E-005  0.98705467038725658     
   3.2410000000002605E-005  0.98684897886937994     
   3.2510000000002621E-005  0.98664217586450997     
   3.2610000000002637E-005  0.98643434506497718     
   3.2710000000002653E-005  0.98624350794307913     
   3.2810000000002669E-005  0.98621622959426369     
   3.2910000000002685E-005  0.98618864030639131     
   3.3010000000002701E-005  0.98616085639195117     
   3.3110000000002717E-005  0.98613287935758109     
   3.3210000000002733E-005  0.98610471379011921     
   3.3310000000002749E-005  0.98605763865570839     
   3.3410000000002765E-005  0.98583986780391331     
   3.3510000000002781E-005  0.98562089445598466     
   3.3610000000002797E-005  0.98540072556462555     
   3.3710000000002813E-005  0.98517933538542790     
   3.3810000000002829E-005  0.98495681918814826     
   3.3910000000002845E-005  0.98473332916844614     
   3.4010000000002861E-005  0.98470229721567093     
   3.4110000000002877E-005  0.98467102518105398     
   3.4210000000002893E-005  0.98463953653119896     
   3.4310000000002909E-005  0.98460782970372751     
   3.4410000000002925E-005  0.98457590293293740     
   3.4510000000002941E-005  0.98454375545836936     
   3.4610000000002957E-005  0.98433161413042125     
   3.4710000000002973E-005  0.98409807240986080     
   3.4810000000002989E-005  0.98386321733936055     
   3.4910000000003005E-005  0.98362715404662371     
   3.5010000000003021E-005  0.98338993300287914     
   3.5110000000003037E-005  0.98315154278743822     
   3.5210000000003053E-005  0.98309610992495400     
   3.5310000000003069E-005  0.98306080916686622     
   3.5410000000003085E-005  0.98302525824414133     
   3.5510000000003101E-005  0.98298945885178224     
   3.5610000000003117E-005  0.98295341583812113     
   3.5710000000003133E-005  0.98291712288689925     
   3.5810000000003149E-005  0.98271223942979535     
   3.5910000000003165E-005  0.98246374999367747     
   3.6010000000003181E-005  0.98221389114606883     
   3.6110000000003197E-005  0.98196279096387062     
   3.6210000000003213E-005  0.98171050165551177     
   3.6310000000003229E-005  0.98145699862289959     
   3.6410000000003245E-005  0.98137435936405237     
   3.6510000000003260E-005  0.98133430409581435     
   3.6610000000003276E-005  0.98129393937804155     
   3.6710000000003292E-005  0.98125326851443506     
   3.6810000000003308E-005  0.98121228380658398     
   3.6910000000003324E-005  0.98117097522891461     
   3.7010000000003340E-005  0.98097522437715212     
   3.7110000000003356E-005  0.98071189147631510     
   3.7210000000003372E-005  0.98044709482514991     
   3.7310000000003388E-005  0.98018091183907541     
   3.7410000000003404E-005  0.97991346801500911     
   3.7510000000003420E-005  0.97964484737366531     
   3.7610000000003436E-005  0.97953257200641863     
   3.7710000000003452E-005  0.97948724395319020     
   3.7810000000003468E-005  0.97944153767963360     
   3.7910000000003484E-005  0.97939544213020180     
   3.8010000000003500E-005  0.97934894641159609     
   3.8110000000003516E-005  0.97930205117539004     
   3.8210000000003532E-005  0.97911752755293147     
   3.8310000000003548E-005  0.97883970626258732     
   3.8410000000003564E-005  0.97856020399247789     
   3.8510000000003580E-005  0.97827924277294054     
   3.8610000000003596E-005  0.97799698675564040     
   3.8710000000003612E-005  0.97771340285500541     
   3.8810000000003628E-005  0.97756832081428668     
   3.8910000000003644E-005  0.97751564333550856     
   3.9010000000003660E-005  0.97746241159578318     
   3.9110000000003676E-005  0.97740860557255871     
   3.9210000000003692E-005  0.97735419773552534     
   3.9310000000003708E-005  0.97729917433842761     
   3.9410000000003724E-005  0.97712620853680299     
   3.9510000000003740E-005  0.97683436751950725     
   3.9610000000003756E-005  0.97654089093874008     
   3.9710000000003772E-005  0.97624581847295377     
   3.9810000000003788E-005  0.97594939844101658     
   3.9910000000003804E-005  0.97565174616603045     
   4.0010000000003820E-005  0.97544788260921700     
   4.0110000000003836E-005  0.97538561289665493     
   4.0210000000003852E-005  0.97532239734642179     
   4.0310000000003868E-005  0.97525817545746496     
   4.0410000000003884E-005  0.97519293519793870     
   4.0510000000003900E-005  0.97512659762321408     
   4.0610000000003916E-005  0.97496511056794122     
   4.0710000000003932E-005  0.97466131931480993     
   4.0810000000003948E-005  0.97435588195498268     
   4.0910000000003964E-005  0.97404912161500934     
   4.1010000000003980E-005  0.97374103294602932     
   4.1110000000003996E-005  0.97343189740373248     
   4.1210000000004012E-005  0.97319091336215280     
   4.1310000000004028E-005  0.97311080949967976     
   4.1410000000004044E-005  0.97302881344470427     
   4.1510000000004060E-005  0.97294492356042028     
   4.1610000000004076E-005  0.97285905344584345     
   4.1710000000004092E-005  0.97277112976230895     
   4.1810000000004108E-005  0.97261434029972194     
   4.1910000000004124E-005  0.97229950351001904     
   4.2010000000004140E-005  0.97198332125338049     
   4.2110000000004156E-005  0.97166603319179712     
   4.2210000000004172E-005  0.97134346134902616     
   4.2310000000004188E-005  0.97100605985734212     
   4.2410000000004204E-005  0.97067065019535781     
   4.2510000000004219E-005  0.97039979498124074     
   4.2610000000004235E-005  0.96994093617102350     
   4.2710000000004251E-005  0.96922083006194137     
   4.2810000000004267E-005  0.96817921833767795     
   4.2910000000004283E-005  0.96662119569761362     
   4.3010000000004299E-005  0.96416159720072658     
   4.3110000000004315E-005  0.96024321459871709     
   4.3210000000004331E-005  0.95504003469148224     
   4.3310000000004347E-005  0.94796692617814904     
   4.3406498519615810E-005  0.93903199802610049     
   4.3480852834840106E-005  0.93074022504537313     
   4.3540053672954739E-005  0.92343780469650560     
   4.3589990769256614E-005  0.91695056200410052     
   4.3633403234756472E-005  0.90980640482978858     
   4.3672295803694742E-005  0.90418457052357926     
   4.3708150158939667E-005  0.89923463745943111     
   4.3741808924962198E-005  0.89470128976613028     
   4.3773874994001688E-005  0.89043288571294787     
   4.3804813285808324E-005  0.88639446317046500     
   4.3834981547147361E-005  0.88254907696755702     
   4.3864679547190388E-005  0.87882013557466387     
   4.3894164078625222E-005  0.87515684292001772     
   4.3923652739146547E-005  0.87153040647269042     
   4.3953349072983841E-005  0.86787954902037800     
   4.3983409498451569E-005  0.86423109815564902     
   4.4013224542783835E-005  0.86057499788867453     
   4.4042412123072894E-005  0.85695288943882020     
   4.4071102270753910E-005  0.85342471475231418     
   4.4099577113391092E-005  0.85000419131366067     
   4.4128096778923229E-005  0.84670189223205183     
   4.4156913198311134E-005  0.84352962547240096     
   4.4186266807316990E-005  0.84043634674988577     
   4.4216245495269314E-005  0.83623267286989744     
   4.4246591812120349E-005  0.83238591128445316     
   4.4278188976489478E-005  0.82919709139459774     
   4.4311127297233291E-005  0.82600449460826098     
   4.4344676916899359E-005  0.82284640835494016     
   4.4377281566892413E-005  0.81991295557054111     
   4.4409073828008236E-005  0.81722471112520767     
   4.4440239338807523E-005  0.81480222357835597     
   4.4470956078557530E-005  0.81266096043588798     
   4.4501393467074684E-005  0.81076039523135712     
   4.4531725488755467E-005  0.80910543245646938     
   4.4561739465293660E-005  0.80768598131149127     
   4.4590576032870131E-005  0.80646194036590024     
   4.4618413694263808E-005  0.80540778118313261     
   4.4645619551898205E-005  0.80446203071137612     
   4.4672500808143648E-005  0.80350955761552156     
   4.4699328431597003E-005  0.80256508943874239     
   4.4726348901188572E-005  0.80166347637714541     
   4.4753801941589411E-005  0.80078755973921845     
   4.4781927803693103E-005  0.79997779004331449     
   4.4810976505365263E-005  0.79927746085917539     
   4.4840777230600359E-005  0.79674919717964565     
   4.4871856521062414E-005  0.79580954884442923     
   4.4904641509141668E-005  0.79529290576860667     
   4.4939490611733176E-005  0.79498176104591900     
   4.4976399255363827E-005  0.79482299188400996     
   4.5015468292006120E-005  0.79479894527905237     
   4.5057064192352977E-005  0.79488546814113281     
   4.5101629341667580E-005  0.79504778429728151     
   4.5149616367362908E-005  0.79526104749588789     
   4.5201623973676821E-005  0.79552469680175286     
   4.5258371379486150E-005  0.79583659753781677     
   4.5320713436139443E-005  0.79624178665107159     
   4.5389726886951484E-005  0.79674280289516752     
   4.5465598061546270E-005  0.79555281452693938     
   4.5549247110651115E-005  0.79544734528325245     
   4.5643013916975994E-005  0.79594078726261774     
   4.5743011545710147E-005  0.79661237266913121     
   4.5843011545710163E-005  0.79730273878376279     
   4.5943011545710179E-005  0.79796195518228163     
   4.6043011545710195E-005  0.79799794036571270     
   4.6143011545710211E-005  0.79715335816991229     
   4.6243011545710227E-005  0.79717256964818028     
   4.6343011545710243E-005  0.79740302479714442     
   4.6443011545710259E-005  0.79769006741364035     
   4.6543011545710275E-005  0.79798623018722470     
   4.6643011545710291E-005  0.79785737708194482     
   4.6743011545710307E-005  0.79689652988956139     
   4.6843011545710323E-005  0.79661866537992765     
   4.6943011545710339E-005  0.79662334603324181     
   4.7043011545710355E-005  0.79675179628309178     
   4.7143011545710371E-005  0.79694125676412420     
   4.7243011545710387E-005  0.79697895697205967     
   4.7343011545710403E-005  0.79599713104221348     
   4.7443011545710419E-005  0.79574239654768708     
   4.7543011545710435E-005  0.79578118557882527     
   4.7643011545710451E-005  0.79593704127634202     
   4.7743011545710467E-005  0.79615187739388871     
   4.7843011545710483E-005  0.79640072981092735     
   4.7943011545710499E-005  0.79539457236115008     
   4.8043011545710515E-005  0.79513904705210747     
   4.8143011545710531E-005  0.79512721836405453     
   4.8243011545710547E-005  0.79517929071061766     
   4.8343011545710563E-005  0.79520610887853660     
   4.8443011545710579E-005  0.79515510101078202     
   4.8543011545710595E-005  0.79341416593661740     
   4.8643011545710610E-005  0.79261958188741166     
   4.8743011545710626E-005  0.79193709174165927     
   4.8843011545710642E-005  0.79114448476562260     
   4.8943011545710658E-005  0.79017620839439029     
   4.9043011545710674E-005  0.78902555642258188     
   4.9143011545710690E-005  0.78605259744599920     
   4.9243011545710706E-005  0.78415526555928394     
   4.9343011545710722E-005  0.78248518713854609     
   4.9443011545710738E-005  0.78091389722194815     
   4.9543011545710754E-005  0.77945088862659950     
   4.9643011545710770E-005  0.77811644561716020     
   4.9743011545710786E-005  0.77507749233988343     
   4.9843011545710802E-005  0.77335531017667880     
   4.9943011545710818E-005  0.77202602312465773     
   5.0043011545710834E-005  0.77088976311956325     
   5.0143011545710850E-005  0.76988260492320792     
   5.0243011545710866E-005  0.76901482399755616     
   5.0343011545710882E-005  0.76697941784610557     
   5.0443011545710898E-005  0.76567779010750514     
   5.0543011545710914E-005  0.76478546026833227     
   5.0643011545710930E-005  0.76410560323988030     
   5.0743011545710946E-005  0.76354912065934599     
   5.0843011545710962E-005  0.76307352145398899     
   5.0943011545710978E-005  0.76152203104451932     
   5.1043011545710994E-005  0.76046316998427177     
   5.1143011545711010E-005  0.75969311474599210     
   5.1243011545711026E-005  0.75905005840327500     
   5.1343011545711042E-005  0.75845965630189216     
   5.1443011545711058E-005  0.75789163360661227     
   5.1543011545711074E-005  0.75631611763812479     
   5.1643011545711090E-005  0.75506630477491610     
   5.1743011545711106E-005  0.75410739931729709     
   5.1843011545711122E-005  0.75322971108382841     
   5.1943011545711138E-005  0.75240224554712354     
   5.2043011545711154E-005  0.75162875115949368     
   5.2143011545711170E-005  0.74991651282657357     
   5.2243011545711186E-005  0.74849526109111719     
   5.2343011545711202E-005  0.74755054519296671     
   5.2443011545711218E-005  0.74682593664503494     
   5.2543011545711234E-005  0.74622710747274434     
   5.2643011545711250E-005  0.74570388059512782     
   5.2743011545711266E-005  0.74422238474114344     
   5.2843011545711282E-005  0.74299371623717225     
   5.2943011545711298E-005  0.74219540314510191     
   5.3043011545711314E-005  0.74154488156320852     
   5.3143011545711330E-005  0.74094465708063084     
   5.3243011545711346E-005  0.74036739841282806     
   5.3343011545711362E-005  0.73890372610240307     
   5.3443011545711378E-005  0.73750851542249662     
   5.3543011545711394E-005  0.73658301350322142     
   5.3643011545711410E-005  0.73579844425358798     
   5.3743011545711426E-005  0.73507869752910060     
   5.3843011545711442E-005  0.73437386832966911     
   5.3943011545711458E-005  0.73286042105026339     
   5.4043011545711474E-005  0.73130766471228770     
   5.4143011545711490E-005  0.73017259228862952     
   5.4243011545711506E-005  0.72922216646075178     
   5.4343011545711522E-005  0.72839723398904510     
   5.4443011545711538E-005  0.72765800644363876     
   5.4543011545711553E-005  0.72627523664694915     
   5.4643011545711569E-005  0.72470685780025446     
   5.4743011545711585E-005  0.72361828164574726     
   5.4843011545711601E-005  0.72268837193734081     
   5.4943011545711617E-005  0.72184363948287444     
   5.5043011545711633E-005  0.72105705291443623     
   5.5143011545711649E-005  0.71955587129220810     
   5.5243011545711665E-005  0.71787250678420533     
   5.5343011545711681E-005  0.71676556679752745     
   5.5443011545711697E-005  0.71587318278434220     
   5.5543011545711713E-005  0.71505855805381269     
   5.5643011545711729E-005  0.71431095558941093     
   5.5743011545711745E-005  0.71287245266113675     
   5.5843011545711761E-005  0.71107015866204959     
   5.5943011545711777E-005  0.70994453249212308     
   5.6043011545711793E-005  0.70904850954674870     
   5.6143011545711809E-005  0.70825260865735473     
   5.6243011545711825E-005  0.70748214232170670     
   5.6343011545711841E-005  0.70612568795892594     
   5.6443011545711857E-005  0.70433782686557433     
   5.6543011545711873E-005  0.70317577245413487     
   5.6643011545711889E-005  0.70225247186041251     
   5.6743011545711905E-005  0.70146873992283176     
   5.6843011545711921E-005  0.70078375893718892     
   5.6943011545711937E-005  0.69975809858704996     
   5.7043011545711953E-005  0.69805040666877749     
   5.7143011545711969E-005  0.69701386123630993     
   5.7243011545711985E-005  0.69622334180310030     
   5.7343011545712001E-005  0.69549558160087677     
   5.7443011545712017E-005  0.69481679348202430     
   5.7543011545712033E-005  0.69398910304503447     
   5.7643011545712049E-005  0.69217376036091938     
   5.7743011545712065E-005  0.69112660713461094     
   5.7843011545712081E-005  0.69034314010276654     
   5.7943011545712097E-005  0.68965552048451328     
   5.8043011545712113E-005  0.68908403623850123     
   5.8143011545712129E-005  0.68836543522758920     
   5.8243011545712145E-005  0.68657161233489927     
   5.8343011545712161E-005  0.68557336412465886     
   5.8443011545712177E-005  0.68486415462292527     
   5.8543011545712193E-005  0.68431971784166168     
   5.8643011545712209E-005  0.68386697548138409     
   5.8743011545712225E-005  0.68349431586494103     
   5.8843011545712241E-005  0.68158450778493906     
   5.8943011545712257E-005  0.68067271531450368     
   5.9043011545712273E-005  0.68004453430671008     
   5.9143011545712289E-005  0.67951906262032691     
   5.9243011545712305E-005  0.67906350955771633     
   5.9343011545712321E-005  0.67865667799128482     
   5.9443011545712337E-005  0.67664844550487202     
   5.9543011545712353E-005  0.67571577952770090     
   5.9643011545712369E-005  0.67499711015806252     
   5.9743011545712385E-005  0.67434263096082125     
   5.9843011545712401E-005  0.67371982744405967     
   5.9943011545712417E-005  0.67312993229094864     
   6.0043011545712433E-005  0.67067961117073727     
   6.0143011545712449E-005  0.66943277770903886     
   6.0243011545712465E-005  0.66856469573539890     
   6.0343011545712481E-005  0.66787262936461578     
   6.0443011545712497E-005  0.66727672484758360     
   6.0543011545712512E-005  0.66673076067503778     
   6.0643011545712528E-005  0.66448508055743538     
   6.0743011545712544E-005  0.66346028813361468     
   6.0843011545712560E-005  0.66275774884201255     
   6.0943011545712576E-005  0.66215002765378983     
   6.1043011545712592E-005  0.66164012507785874     
   6.1143011545712541E-005  0.66120227985456081     
   6.1243011545712489E-005  0.65908949584188004     
   6.1343011545712437E-005  0.65796806854480872     
   6.1443011545712385E-005  0.65726897344552071     
   6.1543011545712334E-005  0.65674636641266881     
   6.1643011545712282E-005  0.65630516512659320     
   6.1743011545712230E-005  0.65590853422035411     
   6.1843011545712178E-005  0.65384505881605637     
   6.1943011545712126E-005  0.65262306558955852     
   6.2043011545712075E-005  0.65194305907184269     
   6.2143011545712023E-005  0.65143400169395560     
   6.2243011545711971E-005  0.65101121796002770     
   6.2343011545711919E-005  0.65063351824823423     
   6.2443011545711867E-005  0.64874875096244433     
   6.2543011545711816E-005  0.64760336656307094     
   6.2643011545711764E-005  0.64692827843290424     
   6.2743011545711712E-005  0.64644045998502531     
   6.2843011545711660E-005  0.64600177434602646     
   6.2943011545711609E-005  0.64561207384670627     
   6.3043011545711557E-005  0.64382636490408052     
   6.3143011545711505E-005  0.64253803614589122     
   6.3243011545711453E-005  0.64174717455658581     
   6.3343011545711401E-005  0.64116548079729252     
   6.3443011545711350E-005  0.64069699416433767     
   6.3543011545711298E-005  0.64032027547887915     
   6.3643011545711246E-005  0.63837407319991735     
   6.3743011545711194E-005  0.63700109412033146     
   6.3843011545711143E-005  0.63619990907963075     
   6.3943011545711091E-005  0.63559938315269537     
   6.4043011545711039E-005  0.63513425013254532     
   6.4143011545710987E-005  0.63470053734163245     
   6.4243011545710935E-005  0.63294108727141896     
   6.4343011545710884E-005  0.63159961950687815     
   6.4443011545710832E-005  0.63085102824087347     
   6.4543011545710780E-005  0.63029796446979702     
   6.4643011545710728E-005  0.62978810951906317     
   6.4743011545710677E-005  0.62931993843596379     
   6.4843011545710625E-005  0.62741651280966093     
   6.4943011545710573E-005  0.62597939136528369     
   6.5043011545710521E-005  0.62523110260966264     
   6.5143011545710469E-005  0.62468264362220816     
   6.5243011545710418E-005  0.62425943680242546     
   6.5343011545710366E-005  0.62389688027189072     
   6.5443011545710314E-005  0.62220260002375483     
   6.5543011545710262E-005  0.62065192589549656     
   6.5643011545710211E-005  0.61992860417181928     
   6.5741481455522591E-005  0.61946233983072851     
   6.5831836313555518E-005  0.61911614112789792     
   6.5918277554865269E-005  0.61881594623710912     
   6.6004397602588684E-005  0.61852931992484672     
   6.6094306087574267E-005  0.61613976894979050     
   6.6191763215442902E-005  0.61521168205648402     
   6.6291763215442850E-005  0.61469259562518386     
   6.6391763215442799E-005  0.61433873035177811     
   6.6491763215442747E-005  0.61405113078460216     
   6.6591763215442695E-005  0.61378831446421522     
   6.6691763215442643E-005  0.61185250065889418     
   6.6791763215442591E-005  0.61080916100980220     
   6.6891763215442540E-005  0.61023626342531478     
   6.6991763215442488E-005  0.60983371724842272     
   6.7091763215442436E-005  0.60951162086702626     
   6.7191763215442384E-005  0.60924044885999584     
   6.7291763215442333E-005  0.60730321104231633     
   6.7391763215442281E-005  0.60607983595650283     
   6.7491763215442229E-005  0.60541518015858609     
   6.7591763215442177E-005  0.60499280211770801     
   6.7691763215442125E-005  0.60466392419524595     
   6.7791763215442074E-005  0.60434993031534245     
   6.7891763215442022E-005  0.60221744107983111     
   6.7991763215441970E-005  0.60104421886747583     
   6.8091763215441918E-005  0.60046817108014416     
   6.8191763215441867E-005  0.60008562382935404     
   6.8291763215441815E-005  0.59977815933561729     
   6.8391763215441763E-005  0.59953031680945712     
   6.8491763215441711E-005  0.59741381588763620     
   6.8591637529365191E-005  0.59622732143550172     
   6.8683523688305089E-005  0.59561838365057918     
   6.8770008798366895E-005  0.59515965100871770     
   6.8854229318526369E-005  0.59475891410690440     
   6.8942717325024580E-005  0.59438434207219504     
   6.9038456908461463E-005  0.59403927462303818     
   6.9138249203381957E-005  0.59124560532075510     
   6.9238249203381906E-005  0.59031949470427036     
   6.9338249203381854E-005  0.58974250661045680     
   6.9438249203381802E-005  0.58927771266248030     
   6.9538249203381750E-005  0.58889213733446100     
   6.9638249203381698E-005  0.58853888356269468     
   6.9738249203381647E-005  0.58577466902000441     
   6.9838249203381595E-005  0.58487532297587042     
   6.9938249203381543E-005  0.58431997769710331     
   7.0038249203381491E-005  0.58389775896675089     
   7.0138249203381440E-005  0.58356837601295897     
   7.0238249203381388E-005  0.58331789232291475     
   7.0338249203381336E-005  0.58078968514316831     
   7.0438249203381284E-005  0.57988569102029652     
   7.0538249203381232E-005  0.57934989978995965     
   7.0638249203381181E-005  0.57891325233430602     
   7.0738249203381129E-005  0.57853599773692876     
   7.0838249203381077E-005  0.57823556565753853     
   7.0938249203381025E-005  0.57548082090217589     
   7.1038249203380974E-005  0.57448907999635479     
   7.1138249203380922E-005  0.57389845889100433     
   7.1238249203380870E-005  0.57351367680385124     
   7.1338249203380818E-005  0.57323170610785890     
   7.1438249203380766E-005  0.57298825189613589     
   7.1538249203380715E-005  0.57057859744614325     
   7.1638249203380663E-005  0.56954233548022837     
   7.1738249203380611E-005  0.56900561090090340     
   7.1838249203380559E-005  0.56861716168656262     
   7.1936545439459763E-005  0.56833857997657367     
   7.2031547974773862E-005  0.56811540875435951     
   7.2123065034766188E-005  0.56581313706445846     
   7.2217731065126598E-005  0.56479595559349349     
   7.2311416630819233E-005  0.56427888239181068     
   7.2407010616647332E-005  0.56387729721682756     
   7.2496346392395960E-005  0.56360034685344540     
   7.2583664316382048E-005  0.56335435828566449     
   7.2672085577021365E-005  0.56310484019647244     
   7.2756438690486463E-005  0.56034149988783033     
   7.2840646156279240E-005  0.55958911485678942     
   7.2929618520557748E-005  0.55911593297250839     
   7.3021848867411087E-005  0.55876878443671119     
   7.3120289934358671E-005  0.55848381443103556     
   7.3220289934358620E-005  0.55821857436544753     
   7.3319220250081012E-005  0.55573506193946431     
   7.3416159057143450E-005  0.55440771200536298     
   7.3510519471011460E-005  0.55389999980710558     
   7.3598338659608734E-005  0.55358791019018827     
   7.3681678779467287E-005  0.55332534094921382     
   7.3762322160939557E-005  0.55311942075576337     
   7.3844483548019435E-005  0.55290506619663604     
   7.3927919347135772E-005  0.55073578943561696     
   7.4013021117077580E-005  0.54955709472178738     
   7.4097740905828380E-005  0.54899069712770143     
   7.4184570720400105E-005  0.54862121807583442     
   7.4272442929589487E-005  0.54835442742680729     
   7.4361386303746345E-005  0.54812910599517606     
   7.4452337390589558E-005  0.54791412164871400     
   7.4547733055548287E-005  0.54581261619816657     
   7.4646469170543104E-005  0.54460013895111692     
   7.4746469170543052E-005  0.54395412254184550     
   7.4846070727258517E-005  0.54354935599550425     
   7.4946070727258465E-005  0.54320572792355859     
   7.5046070727258414E-005  0.54286963617056228     
   7.5146070727258362E-005  0.54072805798711376     
   7.5246070727258310E-005  0.53947981561646496     
   7.5346070727258258E-005  0.53883315703978607     
   7.5446070727258206E-005  0.53841364023422111     
   7.5543660329937138E-005  0.53810365438218621     
   7.5640378778963613E-005  0.53785478455996949     
   7.5729929438254245E-005  0.53603122732909592     
   7.5817012045076236E-005  0.53448276629836555     
   7.5903135902659536E-005  0.53374106496353468     
   7.5990748510784478E-005  0.53323750496997513     
   7.6081675952111876E-005  0.53282324960611149     
   7.6178654611193527E-005  0.53244650892155865     
   7.6278654611193475E-005  0.53214176560155835     
   7.6378654611193423E-005  0.52919591333679405     
   7.6478654611193372E-005  0.52812721368479154     
   7.6578580872287795E-005  0.52757816295683879     
   7.6669174381445584E-005  0.52719885280507761     
   7.6752413581375486E-005  0.52689466548477382     
   7.6831939944854043E-005  0.52666991107404315     
   7.6908415635522069E-005  0.52648860586136115     
   7.6985752422973464E-005  0.52346959637639501     
   7.7065376049361906E-005  0.52265307939080363     
   7.7148864413102323E-005  0.52222560509419735     
   7.7238086905009686E-005  0.52193731982001557     
   7.7336058747474678E-005  0.52169473415836420     
   7.7436058747474626E-005  0.52143417398752068     
   7.7536058747474575E-005  0.52010353766092277     
   7.7636058747474523E-005  0.51788447641763602     
   7.7736058747474471E-005  0.51711912702743679     
   7.7835750760848267E-005  0.51665220015667990     
   7.7932328546461316E-005  0.51627800704205706     
   7.8030764659594361E-005  0.51600574786236775     
   7.8126168468835864E-005  0.51512104246524659     
   7.8214280144897481E-005  0.51249168108266552     
   7.8297556772221087E-005  0.51177119475103783     
   7.8381183455307092E-005  0.51129091492562451     
   7.8464943414579476E-005  0.51092605539246405     
   7.8552779402387996E-005  0.51061115401017820     
   7.8641683686900044E-005  0.51033303023543197     
   7.8733122653297912E-005  0.50943713256781142     
   7.8830784295809371E-005  0.50668507323975343     
   7.8930671612867118E-005  0.50597372930248030     
   7.9030671612867066E-005  0.50556105320640210     
   7.9130671612867015E-005  0.50517321039400132     
   7.9230671612866963E-005  0.50484173481264505     
   7.9330671612866911E-005  0.50457368475730136     
   7.9430671612866859E-005  0.50128093033593668     
   7.9530671612866808E-005  0.50038717535312227     
   7.9630671612866756E-005  0.49992162761074732     
   7.9730671612866704E-005  0.49957696983022415     
   7.9830671612866652E-005  0.49926940296585309     
   7.9930671612866600E-005  0.49903787378497910     
   8.0030671612866549E-005  0.49605496742607535     
   8.0130671612866497E-005  0.49502193550624757     
   8.0230671612866445E-005  0.49444222774806518     
   8.0330550483517831E-005  0.49408289820184670     
   8.0430550483517779E-005  0.49376948704214668     
   8.0530550483517727E-005  0.49357087850992160     
   8.0626943197380100E-005  0.49004702659362315     
   8.0719075699022013E-005  0.48907201089299590     
   8.0811194104709217E-005  0.48855560151437111     
   8.0899413009775725E-005  0.48824091451322887     
   8.0989234555872426E-005  0.48799198450999237     
   8.1074493094662842E-005  0.48777543042984650     
   8.1157437698651678E-005  0.48691745653551000     
   8.1236921400209744E-005  0.48413083845256022     
   8.1319070481406734E-005  0.48331723499798568     
   8.1405055175775838E-005  0.48287120319979060     
   8.1491727320202989E-005  0.48256687378734642     
   8.1577522008141528E-005  0.48232893628153989     
   8.1656864594831105E-005  0.48212818845025368     
   8.1729651558457960E-005  0.48197081398711333     
   8.1796781241154546E-005  0.47927843024636735     
   8.1860971864812645E-005  0.47796255844585356     
   8.1924428967705931E-005  0.47742063591064915     
   8.1987728974564983E-005  0.47709017278794613     
   8.2053526115565700E-005  0.47685044596222720     
   8.2121019002820241E-005  0.47664628773215145     
   8.2191883886437349E-005  0.47646410709217368     
   8.2266529812382512E-005  0.47632529350338948     
   8.2343024101380404E-005  0.47621497295411069     
   8.2420243137159983E-005  0.47276096210692659     
   8.2498112793518891E-005  0.47169167951106022     
   8.2571788236572997E-005  0.47122236936215545     
   8.2639022874497102E-005  0.47090105017524403     
   8.2701599568830395E-005  0.47067488962625559     
   8.2760507752785848E-005  0.47052196260413476     
   8.2817080796797763E-005  0.47040927885068085     
   8.2872829122783033E-005  0.47032369106245353     
   8.2928864498964158E-005  0.47026627585316211     
   8.2986816649495716E-005  0.46852302794482581     
   8.3045521499518836E-005  0.46650176325993703     
   8.3108494588304764E-005  0.46583345706305618     
   8.3173752924966770E-005  0.46548611225301528     
   8.3244398368999780E-005  0.46524307430885398     
   8.3319577016341181E-005  0.46502159539818733     
   8.3397782067990190E-005  0.46486955944345687     
   8.3479162606934392E-005  0.46473025376109645     
   8.3561361092982170E-005  0.46458797355265358     
   8.3647142088979438E-005  0.46103726541491336     
   8.3731689141691034E-005  0.46013521226568144     
   8.3812903034437324E-005  0.45972901243388192     
   8.3894134076552534E-005  0.45945902436114816     
   8.3977296311193178E-005  0.45921378749690039     
   8.4062447087441622E-005  0.45898633974855280     
   8.4152275176581760E-005  0.45878785385042947     
   8.4247255952684714E-005  0.45550248656543763     
   8.4346491985859111E-005  0.45417443461195800     
   8.4446491985859059E-005  0.45358997276856106     
   8.4546458856266012E-005  0.45319471457525301     
   8.4646458856265961E-005  0.45289035148898554     
   8.4746458856265909E-005  0.45267649532384741     
   8.4844776956090857E-005  0.44967679287759038     
   8.4942521122593253E-005  0.44821723473816283     
   8.5038393745790063E-005  0.44763916848746249     
   8.5127863546423970E-005  0.44733085969703634     
   8.5211947520207716E-005  0.44707954143437156     
   8.5291783491770303E-005  0.44689843669541335     
   8.5369704143092279E-005  0.44672074306885090     
   8.5445409619427562E-005  0.44361392590920123     
   8.5519851792091158E-005  0.44241793912738075     
   8.5593102721967466E-005  0.44184600796131840     
   8.5665147938364481E-005  0.44146910490649011     
   8.5735769374242407E-005  0.44119154493949414     
   8.5805336356454851E-005  0.44098010811401878     
   8.5875012586242311E-005  0.44082119624726673     
   8.5946386814915947E-005  0.44068058734783883     
   8.6018530374337550E-005  0.43908957762921597     
   8.6090358174388732E-005  0.43692315754953825     
   8.6164494751582283E-005  0.43605983759440392     
   8.6241012431765432E-005  0.43558882344202865     
   8.6320354093963325E-005  0.43528140457296688     
   8.6402469549445526E-005  0.43505477214345584     
   8.6488980725452023E-005  0.43486465430368265     
   8.6578064931941033E-005  0.43468881040188878     
   8.6669684412276778E-005  0.43166512317770805     
   8.6762565179202342E-005  0.43032776849477933     
   8.6857269971969068E-005  0.42968025870185439     
   8.6950083350218870E-005  0.42927714080146473     
   8.7037673071090399E-005  0.42900023394754710     
   8.7121720575832341E-005  0.42881058643063330     
   8.7206607846174129E-005  0.42868325551385505     
   8.7290040645399236E-005  0.42545362203966991     
   8.7374147530062311E-005  0.42432840469860700     
   8.7461911079101480E-005  0.42377393900084187     
   8.7553607573372656E-005  0.42340813489395812     
   8.7647451247794701E-005  0.42312819315123151     
   8.7746802662156816E-005  0.42288344067904787     
   8.7846802662156764E-005  0.42072636295079813     
   8.7946802662156712E-005  0.41884608439651028     
   8.8046802662156661E-005  0.41815915955813843     
   8.8146802662156609E-005  0.41773867745566429     
   8.8243709765358413E-005  0.41742418025959982     
   8.8334220165319445E-005  0.41718955179400252     
   8.8422746310361521E-005  0.41632974042280357     
   8.8506313046305237E-005  0.41329262016926682     
   8.8588335106548684E-005  0.41241607846506112     
   8.8670975036351046E-005  0.41194463910878537     
   8.8752840055914391E-005  0.41158318881356221     
   8.8836043156704001E-005  0.41129978053057215     
   8.8923998313516966E-005  0.41106934990592253     
   8.9013996137578385E-005  0.41091975867616820     
   8.9108182183451269E-005  0.40702191998875964     
   8.9207232818542130E-005  0.40587987835877204     
   8.9306387038996083E-005  0.40537244945581508     
   8.9403713595090324E-005  0.40507288687260096     
   8.9500509911130945E-005  0.40477634807970314     
   8.9597116223155817E-005  0.40458936021381403     
   8.9696506881839795E-005  0.40111690047383003     
   8.9796506881839743E-005  0.39982675310534710     
   8.9896504194070047E-005  0.39928684049073376     
   8.9996504194069996E-005  0.39894015511237363     
   9.0096504194069944E-005  0.39872418740555887     
   9.0195623579756489E-005  0.39859392627974127     
   9.0290269845499127E-005  0.39540398200398874     
   9.0384482069430090E-005  0.39382820675458352     
   9.0477961656244471E-005  0.39319859051843825     
   9.0570417756738364E-005  0.39280876414405386     
   9.0664767034892468E-005  0.39248526006800816     
   9.0759725765175351E-005  0.39222620514021811     
   9.0856300453520650E-005  0.39055803008040979     
   9.0953493910092656E-005  0.38777223577515391     
   9.1051643578081472E-005  0.38696031963727107     
   9.1148839243990629E-005  0.38655509651317066     
   9.1244606742406991E-005  0.38626972427670409     
   9.1339508922432802E-005  0.38606784246082815     
   9.1435464880374899E-005  0.38589785892230138     
   9.1531551488777444E-005  0.38113572174780164     
   9.1629930775981544E-005  0.37978847988676612     
   9.1722717598067218E-005  0.37923090571245732     
   9.1812222218075356E-005  0.37889298704711505     
   9.1898273924997804E-005  0.37864622288605371     
   9.1984751668061065E-005  0.37847780269024345     
   9.2071123835692684E-005  0.37675295952703680     
   9.2159212723448797E-005  0.37379501601597992     
   9.2248828555340997E-005  0.37284923527491864     
   9.2339431754262047E-005  0.37235824141890772     
   9.2438645312146707E-005  0.37199098765496214     
   9.2538645312146656E-005  0.37172780983294196     
   9.2638548430668924E-005  0.37146578017213361     
   9.2735567116894975E-005  0.36728304155687624     
   9.2826563275433751E-005  0.36602287465773192     
   9.2913750225590876E-005  0.36547582719429261     
   9.2996818582313223E-005  0.36510865047802354     
   9.3077201266878628E-005  0.36483503326357292     
   9.3155423175487868E-005  0.36461167968677000     
   9.3232668085014493E-005  0.36442922728780314     
   9.3311146357296225E-005  0.36113165195169866     
   9.3390361092041615E-005  0.35968921752786048     
   9.3468997916734768E-005  0.35909570874539154     
   9.3548313409335857E-005  0.35871126302528927     
   9.3627674914308580E-005  0.35840550679740607     
   9.3708127378711492E-005  0.35816415418832459     
   9.3788503021324386E-005  0.35793307045653810     
   9.3867561712766254E-005  0.35768114659596573     
   9.3947607620090121E-005  0.35273812001074650     
   9.4027150291883552E-005  0.35169216609230697     
   9.4107874238565694E-005  0.35115988243942042     
   9.4187804358171010E-005  0.35083069593525557     
   9.4269373183368256E-005  0.35061968011759720     
   9.4352703181963430E-005  0.35046564485268977     
   9.4438516894890029E-005  0.35028894348511802     
   9.4525734402753556E-005  0.34626816286611134     
   9.4614666893893962E-005  0.34459681851786289     
   9.4704875802249536E-005  0.34391913573761296     
   9.4795306189543856E-005  0.34352895117892540     
   9.4885374578457265E-005  0.34327489478087403     
   9.4974714388699390E-005  0.34312136562526996     
   9.5063851587219830E-005  0.34303922636746270     
   9.5150575293524009E-005  0.33833818844007996     
   9.5236710686253060E-005  0.33689614418805952     
   9.5322632848267056E-005  0.33625759044959685     
   9.5407311644630027E-005  0.33586430494419273     
   9.5495574877326711E-005  0.33558491657805856     
   9.5583912607466074E-005  0.33538306655243133     
   9.5674298026122829E-005  0.33523363806777573     
   9.5768196787294002E-005  0.33077184335814463     
   9.5863866506108118E-005  0.32963427594803568     
   9.5963513169767885E-005  0.32910871692982907     
   9.6063513169767834E-005  0.32872988113963086     
   9.6163513169767782E-005  0.32844877144172430     
   9.6263513169767730E-005  0.32822798675261672     
   9.6363513169767678E-005  0.32420608885476199     
   9.6463513169767627E-005  0.32245415933622346     
   9.6563513169767575E-005  0.32172103987086159     
   9.6663513169767523E-005  0.32126841316965177     
   9.6763513169767471E-005  0.32091836546057240     
   9.6863513169767419E-005  0.32064187555815715     
   9.6963513169767368E-005  0.31663367649729124     
   9.7063513169767316E-005  0.31466984952247079     
   9.7163513169767264E-005  0.31377933999104518     
   9.7263513169767212E-005  0.31324431151485521     
   9.7363513169767161E-005  0.31285738050674944     
   9.7463513169767109E-005  0.31252553575655906     
   9.7563513169767057E-005  0.30873954816548460     
   9.7663513169767005E-005  0.30660566497335473     
   9.7763513169766953E-005  0.30567944178328960     
   9.7863513169766902E-005  0.30515000023040639     
   9.7963513169766850E-005  0.30476521340226348     
   9.8063513169766798E-005  0.30445370568602470     
   9.8163513169766746E-005  0.30114520934390082     
   9.8263513169766695E-005  0.29914047048878256     
   9.8363513169766643E-005  0.29825582683607715     
   9.8463513169766591E-005  0.29770372053844502     
   9.8563513169766539E-005  0.29730111697851624     
   9.8663513169766487E-005  0.29696751887716705     
   9.8763513169766436E-005  0.29386464295217568     
   9.8863513169766384E-005  0.29150635000192127     
   9.8963513169766332E-005  0.29046481451508438     
   9.9063513169766280E-005  0.28981185844382518     
   9.9163513169766229E-005  0.28934210478993327     
   9.9263513169766177E-005  0.28895803147261440     
   9.9363513169766125E-005  0.28589211760275618     
   9.9463513169766073E-005  0.28332079051222137     
   9.9563513169766021E-005  0.28211366071282334     
   9.9663513169765970E-005  0.28139093074130894     
   9.9763513169765918E-005  0.28085727469837507     
   9.9863513169765866E-005  0.28043325214349396     
   9.9963513169765814E-005  0.27800635692710762     
   1.0006351316976576E-004  0.27537274827987007     
   1.0016351316976571E-004  0.27409067903702694     
   1.0026351316976566E-004  0.27329195076023144     
   1.0036351316976561E-004  0.27271351952805395     
   1.0046351316976556E-004  0.27225774475332681     
   1.0056351316976550E-004  0.26956366105439239     
   1.0066351316976545E-004  0.26658539133452830     
   1.0076351316976540E-004  0.26522179031847909     
   1.0086351316976535E-004  0.26436565410503138     
   1.0096351316976530E-004  0.26374701472213341     
   1.0106351316976524E-004  0.26326626123895380     
   1.0116351316976519E-004  0.26096150330663387     
   1.0126351316976514E-004  0.25769245921918243     
   1.0136351316976509E-004  0.25618285267624075     
   1.0146351316976504E-004  0.25523878045766279     
   1.0156351316976499E-004  0.25456090086358890     
   1.0166351316976493E-004  0.25402912219808987     
   1.0176351316976488E-004  0.25252502496364199     
   1.0186351316976483E-004  0.24918328112735938     
   1.0196351316976478E-004  0.24758905767291417     
   1.0206351316976473E-004  0.24659976451472160     
   1.0216351316976468E-004  0.24588554475364879     
   1.0226351316976462E-004  0.24532083891911688     
   1.0236351316976457E-004  0.24389503611707025     
   1.0246351316976452E-004  0.24068470035303391     
   1.0256351316976447E-004  0.23900363608253269     
   1.0266351316976442E-004  0.23789804005998338     
   1.0276351316976436E-004  0.23708124382813162     
   1.0286351316976431E-004  0.23643412823385662     
   1.0296351316976426E-004  0.23543111857180485     
   1.0306351316976421E-004  0.23182754340818737     
   1.0316351316976416E-004  0.22990310810571171     
   1.0326351316976411E-004  0.22866318540500616     
   1.0336351316976405E-004  0.22777091705718550     
   1.0346351316976400E-004  0.22707184677393139     
   1.0356351316976395E-004  0.22605518893458545     
   1.0366351316976390E-004  0.22272124603650376     
   1.0376351316976385E-004  0.22076717617751576     
   1.0386351316976379E-004  0.21945841544415004     
   1.0396351316976374E-004  0.21849368806757427     
   1.0406351316976369E-004  0.21773516339859883     
   1.0416351316976364E-004  0.21709848769766507     
   1.0426351316976359E-004  0.21346350641694056     
   1.0436351316976354E-004  0.21135872256280969     
   1.0446351316976348E-004  0.20991381679303928     
   1.0456351316976343E-004  0.20880823873618304     
   1.0466351316976338E-004  0.20793122696647098     
   1.0476351316976333E-004  0.20717761035386670     
   1.0486351316976328E-004  0.20366803074615694     
   1.0496351316976323E-004  0.20153112085362773     
   1.0506351316976317E-004  0.20007857980078622     
   1.0516351316976312E-004  0.19894459149629889     
   1.0526351316976307E-004  0.19805068548767768     
   1.0536351316976302E-004  0.19727958830379794     
   1.0546351316976297E-004  0.19403591381183255     
   1.0556351316976291E-004  0.19154968830176974     
   1.0566351316976286E-004  0.18981275889950114     
   1.0576351316976281E-004  0.18853028914123823     
   1.0586351316976276E-004  0.18747261759240139     
   1.0596351316976271E-004  0.18659746664160046     
   1.0606351316976266E-004  0.18354852499699470     
   1.0616351316976260E-004  0.18108093299311423     
   1.0626351316976255E-004  0.17929493897905097     
   1.0636351316976250E-004  0.17788345290814053     
   1.0646351316976245E-004  0.17674557384824000     
   1.0656351316976240E-004  0.17575424711515367     
   1.0666351316976235E-004  0.17277416166974030     
   1.0676351316976229E-004  0.17034123740573773     
   1.0686351316976224E-004  0.16857616577874721     
   1.0696351316976219E-004  0.16720156861000637     
   1.0706351316976214E-004  0.16606813760570008     
   1.0716351316976209E-004  0.16509563071078756     
   1.0726351316976203E-004  0.16240026229680479     
   1.0736351316976198E-004  0.15966518970456273     
   1.0746351316976193E-004  0.15770879172170901     
   1.0756351316976188E-004  0.15615638813116614     
   1.0766351316976183E-004  0.15485667103085046     
   1.0776351316976178E-004  0.15376088074443614     
   1.0786351316976172E-004  0.15110353304217145     
   1.0796351316976167E-004  0.14850233564976037     
   1.0806351316976162E-004  0.14651041459796973     
   1.0816351316976157E-004  0.14491682782383178     
   1.0826351316976152E-004  0.14359238967436302     
   1.0836351316976146E-004  0.14241897794365094     
   1.0846351316976141E-004  0.14061292400468600     
   1.0856351316976136E-004  0.13880571842852052     
   1.0866351316976131E-004  0.13735259421009635     
   1.0876351316976126E-004  0.13617931510440065     
   1.0886351316976121E-004  0.13520058646052405     
   1.0896351316976115E-004  0.13432416979925055     
   1.0906351316976110E-004  0.13378920631835209     
   1.0916351316976105E-004  0.13343636286519012     
   1.0926351316976100E-004  0.13308905584640907     
   1.0936351316976095E-004  0.13275085775629336     
   1.0946351316976090E-004  0.13242135637308317     
   1.0956351316976084E-004  0.13209910288407670     
   1.0966351316976079E-004  0.13178643153248176     
   1.0976351316976074E-004  0.13148255559105071     
   1.0986351316976069E-004  0.13118864157532925     
   1.0996351316976064E-004  0.13090223729281775     
   1.1006351316976058E-004  0.13063083698426795     
   1.1016351316976053E-004  0.13036870096820269     
   1.1026351316976048E-004  0.13011629894424676     
   1.1036351316976043E-004  0.12987515339012004     
   1.1046351316976038E-004  0.12964208585014758     
   1.1056351316976033E-004  0.12941578349351654     
   1.1066351316976027E-004  0.12919406012804432     
   1.1076351316976022E-004  0.12897380060515976     
   1.1086351316976017E-004  0.12875944093655453     
   1.1096351316976012E-004  0.12854525660548988     
   1.1106351316976007E-004  0.12832795383068063     
   1.1116351316976002E-004  0.12811026305969747     
   1.1126351316975996E-004  0.12790071486720495     
   1.1136351316975991E-004  0.12769572027740145     
   1.1146351316975986E-004  0.12749886978147812     
   1.1156351316975981E-004  0.12731011099318551     
   1.1166351316975976E-004  0.12712541436364347     
   1.1176351316975970E-004  0.12694711856940724     
   1.1186351316975965E-004  0.12677472651130495     
   1.1196351316975960E-004  0.12660576433539614     
   1.1206351316975955E-004  0.12644059992022205     
   1.1216351316975950E-004  0.12627500786281265     
   1.1226351316975945E-004  0.12611089030324885     
   1.1236351316975939E-004  0.12594774648750454     
   1.1246351316975934E-004  0.12578713838063035     
   1.1256351316975929E-004  0.12563104285549009     
   1.1266351316975924E-004  0.12548023871585592     
   1.1276351316975919E-004  0.12532777069046719     
   1.1286351316975913E-004  0.12517265393825122     
   1.1296351316975908E-004  0.12501819472251449     
   1.1306351316975903E-004  0.12486616186077124     
   1.1316351316975898E-004  0.12471771008454759     
   1.1326351316975893E-004  0.12457317902160030     
   1.1336351316975888E-004  0.12443184695077877     
   1.1346351316975882E-004  0.12429208718549503     
   1.1356351316975877E-004  0.12415536607976016     
   1.1366351316975872E-004  0.12402315373510210     
   1.1376351316975867E-004  0.12389503345037317     
   1.1386351316975862E-004  0.12377027212719005     
   1.1396351316975857E-004  0.12364916185882963     
   1.1406351316975851E-004  0.12352860769393503     
   1.1416351316975846E-004  0.12340780908493398     
   1.1426351316975841E-004  0.12328723870484443     
   1.1436351316975836E-004  0.12316430036405292     
   1.1446351316975831E-004  0.12303856321614264     
   1.1456351316975825E-004  0.12291455839710964     
   1.1466351316975820E-004  0.12278785773565772     
   1.1476351316975815E-004  0.12266377453005280     
   1.1486351316975810E-004  0.12254130373541627     
   1.1496351316975805E-004  0.12242332134675565     
   1.1506351316975800E-004  0.12230875204214663     
   1.1516351316975794E-004  0.12219860684053319     
   1.1526351316975789E-004  0.12209132358741370     
   1.1536351316975784E-004  0.12199079225276056     
   1.1546351316975779E-004  0.12189337692548956     
   1.1556351316975774E-004  0.12178887393413600     
   1.1566351316975768E-004  0.12168347336677268     
   1.1576351316975763E-004  0.12158187458241247     
   1.1586351316975758E-004  0.12148136309494502     
   1.1596351316975753E-004  0.12138856107853491     
   1.1606351316975748E-004  0.12129745712705135     
   1.1616351316975743E-004  0.12120979494502300     
   1.1626351316975737E-004  0.12112420965110118     
   1.1636351316975732E-004  0.12103537181216319     
   1.1646351316975727E-004  0.12094670733627981     
   1.1656351316975722E-004  0.12085776701125202     
   1.1666351316975717E-004  0.12076772963489663     
   1.1676351316975712E-004  0.12067679236669561     
   1.1686351316975706E-004  0.12058431173287949     
   1.1696351316975701E-004  0.12049736542508808     
   1.1706351316975696E-004  0.12041595129973376     
   1.1716351316975691E-004  0.12033218001192274     
   1.1726351316975686E-004  0.12024738587961938     
   1.1736351316975680E-004  0.12015801533961348     
   1.1746351316975675E-004  0.12006406575375059     
   1.1756351316975670E-004  0.11997410516465873     
   1.1766351316975665E-004  0.11987928347499670     
   1.1776351316975660E-004  0.11977863935249264     
   1.1786351316975655E-004  0.11967918743946619     
   1.1796351316975649E-004  0.11957896490248919     
   1.1806351316975644E-004  0.11947516830435402     
   1.1816351316975639E-004  0.11937262724527065     
   1.1826351316975634E-004  0.11927126988791124     
   1.1836351316975629E-004  0.11916774626489665     
   1.1846351316975624E-004  0.11906297181501274     
   1.1856351316975618E-004  0.11895695279600262     
   1.1866351316975613E-004  0.11885269229003032     
   1.1876351316975608E-004  0.11874848472458839     
   1.1886351316975603E-004  0.11864532015796644     
   1.1896351316975598E-004  0.11853995570647159     
   1.1906351316975592E-004  0.11843613194473004     
   1.1916351316975587E-004  0.11833463848874765     
   1.1926351316975582E-004  0.11823475184942711     
   1.1936351316975577E-004  0.11813368038559009     
   1.1946351316975572E-004  0.11803233285475188     
   1.1956351316975567E-004  0.11792861815302928     
   1.1966351316975561E-004  0.11782316306638645     
   1.1976351316975556E-004  0.11771845319209676     
   1.1986351316975551E-004  0.11761636960424045     
   1.1996351316975546E-004  0.11751963153743140     
   1.1999351316975544E-004  0.11749017765255841     
