# RMS shrinking factor for the case B1Ra8CT10
   1.0999999999999998E-007  0.99999999730751155     
   2.1000000000000008E-007  0.99999999454747512     
   3.1000000000000016E-007  0.99999999171904919     
   4.1000000000000026E-007  0.99999998882117325     
   5.1000000000000031E-007  0.99999998585275596     
   6.1000000000000041E-007  0.99999998281267322     
   7.1000000000000051E-007  0.99999997969979004     
   8.1000000000000061E-007  0.99999997651295836     
   9.1000000000000071E-007  0.99999997325101309     
   1.0100000000000003E-006  0.99999996991277995     
   1.1099999999999993E-006  0.99999996649707468     
   1.2099999999999984E-006  0.99999996300270411     
   1.3099999999999974E-006  0.99999970782962677     
   1.4099999999999965E-006  0.99999944691173348     
   1.5099999999999955E-006  0.99999918014677991     
   1.6099999999999945E-006  0.99999890744778930     
   1.7099999999999936E-006  0.99999862872701095     
   1.8099999999999926E-006  0.99999834389626030     
   1.9099999999999919E-006  0.99999805286681465     
   2.0099999999999909E-006  0.99999775554936543     
   2.1099999999999900E-006  0.99999745185400490     
   2.2099999999999890E-006  0.99999714169020082     
   2.3099999999999880E-006  0.99999682496680276     
   2.4099999999999871E-006  0.99999650159202580     
   2.5099999999999861E-006  0.99999646378598228     
   2.6099999999999852E-006  0.99999645798189662     
   2.7099999999999842E-006  0.99999645208168575     
   2.8099999999999833E-006  0.99999644606727978     
   2.9099999999999823E-006  0.99999643993368648     
   3.0099999999999813E-006  0.99999643367796964     
   3.1099999999999804E-006  0.99999642729784421     
   3.2099999999999794E-006  0.99999642079127526     
   3.3099999999999785E-006  0.99999641415635476     
   3.4099999999999775E-006  0.99999640739123863     
   3.5099999999999766E-006  0.99999640049411298     
   3.6099999999999756E-006  0.99999639346318214     
   3.7099999999999746E-006  0.99999605620853682     
   3.8099999999999737E-006  0.99999562924726215     
   3.9099999999999727E-006  0.99999519416611449     
   4.0099999999999718E-006  0.99999475087213041     
   4.1099999999999708E-006  0.99999429926151928     
   4.2099999999999699E-006  0.99999383923040808     
   4.3099999999999689E-006  0.99999337067456950     
   4.4099999999999679E-006  0.99999289348927822     
   4.5099999999999670E-006  0.99999240756923913     
   4.6099999999999660E-006  0.99999191280857136     
   4.7099999999999651E-006  0.99999140910077766     
   4.8099999999999641E-006  0.99999089633874960     
   4.9099999999999632E-006  0.99999073268808625     
   5.0099999999999622E-006  0.99999072090156316     
   5.1099999999999612E-006  0.99999070896992071     
   5.2099999999999603E-006  0.99999069684117503     
   5.3099999999999593E-006  0.99999068450588513     
   5.4099999999999584E-006  0.99999067195913760     
   5.5099999999999574E-006  0.99999065919730934     
   5.6099999999999565E-006  0.99999064621726774     
   5.7099999999999555E-006  0.99999063301612212     
   5.8099999999999545E-006  0.99999061959108826     
   5.9099999999999536E-006  0.99999060593945499     
   6.0099999999999526E-006  0.99999059205853980     
   6.1099999999999517E-006  0.99999020286995732     
   6.2099999999999507E-006  0.99998955529175704     
   6.3099999999999498E-006  0.99998889700355753     
   6.4099999999999488E-006  0.99998822791917663     
   6.5099999999999478E-006  0.99998754792076983     
   6.6099999999999469E-006  0.99998685689042910     
   6.7099999999999459E-006  0.99998615470980723     
   6.8099999999999450E-006  0.99998544125997424     
   6.9099999999999440E-006  0.99998471642136011     
   7.0099999999999430E-006  0.99998398007375311     
   7.1099999999999421E-006  0.99998323209630091     
   7.2099999999999411E-006  0.99998247236750104     
   7.3099999999999402E-006  0.99998207735905276     
   7.4099999999999392E-006  0.99998205562109888     
   7.5099999999999383E-006  0.99998203357075521     
   7.6099999999999373E-006  0.99998201119943220     
   7.7099999999999363E-006  0.99998198849222342     
   7.8099999999999354E-006  0.99998196544211126     
   7.9099999999999344E-006  0.99998194204402924     
   8.0099999999999335E-006  0.99998191829360861     
   8.1099999999999325E-006  0.99998189418680361     
   8.2099999999999316E-006  0.99998186971972491     
   8.3099999999999306E-006  0.99998184488855868     
   8.4099999999999296E-006  0.99998181968953770     
   8.5099999999999287E-006  0.99998143361612479     
   8.6099999999999277E-006  0.99998049776700781     
   8.7099999999999268E-006  0.99997954819646018     
   8.8099999999999258E-006  0.99997858486981861     
   8.9099999999999249E-006  0.99997760765239829     
   9.0099999999999239E-006  0.99997661641022850     
   9.1099999999999229E-006  0.99997561100945387     
   9.2099999999999220E-006  0.99997459131592581     
   9.3099999999999210E-006  0.99997355719500580     
   9.4099999999999201E-006  0.99997250851150765     
   9.5099999999999191E-006  0.99997144512966452     
   9.6099999999999182E-006  0.99997036691310415     
   9.7099999999999172E-006  0.99996959181065237     
   9.8099999999999162E-006  0.99996955422485168     
   9.9099999999999153E-006  0.99996951586347904     
   1.0009999999999914E-005  0.99996947700396932     
   1.0109999999999913E-005  0.99996943762268331     
   1.0209999999999912E-005  0.99996939770990290     
   1.0309999999999911E-005  0.99996935725877822     
   1.0409999999999910E-005  0.99996931626342700     
   1.0509999999999910E-005  0.99996927471837005     
   1.0609999999999909E-005  0.99996923261831983     
   1.0709999999999908E-005  0.99996918995808348     
   1.0809999999999907E-005  0.99996914673252257     
   1.0909999999999906E-005  0.99996897823391162     
   1.1009999999999905E-005  0.99996766653338354     
   1.1109999999999904E-005  0.99996633890674758     
   1.1209999999999903E-005  0.99996499406051376     
   1.1309999999999902E-005  0.99996363184179637     
   1.1409999999999901E-005  0.99996225209830980     
   1.1509999999999900E-005  0.99996085467894091     
   1.1609999999999899E-005  0.99995943943278076     
   1.1709999999999898E-005  0.99995800620872344     
   1.1809999999999897E-005  0.99995655485526047     
   1.1909999999999896E-005  0.99995508522198218     
   1.2009999999999895E-005  0.99995359715638710     
   1.2109999999999894E-005  0.99995209050379352     
   1.2209999999999893E-005  0.99995202831753638     
   1.2309999999999892E-005  0.99995196520442275     
   1.2409999999999891E-005  0.99995190136556178     
   1.2509999999999890E-005  0.99995183675295418     
   1.2609999999999889E-005  0.99995177135250790     
   1.2709999999999888E-005  0.99995170515502518     
   1.2809999999999888E-005  0.99995163815272370     
   1.2909999999999887E-005  0.99995157033837456     
   1.3009999999999886E-005  0.99995150170499458     
   1.3109999999999885E-005  0.99995143224571748     
   1.3209999999999884E-005  0.99995136195373713     
   1.3309999999999883E-005  0.99995129082227563     
   1.3409999999999882E-005  0.99994969173150228     
   1.3509999999999881E-005  0.99994790333080052     
   1.3609999999999880E-005  0.99994609390614297     
   1.3709999999999879E-005  0.99994426329951913     
   1.3809999999999878E-005  0.99994241134493722     
   1.3909999999999877E-005  0.99994053787729742     
   1.4009999999999876E-005  0.99993864273143029     
   1.4109999999999875E-005  0.99993672574170978     
   1.4209999999999874E-005  0.99993478674193159     
   1.4309999999999873E-005  0.99993282556525231     
   1.4409999999999872E-005  0.99993084204420446     
   1.4509999999999871E-005  0.99992883601953386     
   1.4609999999999870E-005  0.99992835343983089     
   1.4709999999999869E-005  0.99992825373834870     
   1.4809999999999868E-005  0.99992815302047344     
   1.4909999999999867E-005  0.99992805118921557     
   1.5009999999999866E-005  0.99992794822540187     
   1.5109999999999865E-005  0.99992784411735147     
   1.5209999999999865E-005  0.99992773885560637     
   1.5309999999999872E-005  0.99992763243097893     
   1.5409999999999888E-005  0.99992752483449965     
   1.5509999999999904E-005  0.99992741605732161     
   1.5609999999999920E-005  0.99992730609066338     
   1.5709999999999936E-005  0.99992719492575444     
   1.5809999999999952E-005  0.99992552705035964     
   1.5909999999999968E-005  0.99992317148671583     
   1.6009999999999984E-005  0.99992079061909445     
   1.6110000000000000E-005  0.99991838428167845     
   1.6210000000000016E-005  0.99991595224555818     
   1.6310000000000032E-005  0.99991349437489219     
   1.6410000000000048E-005  0.99991101049757958     
   1.6510000000000064E-005  0.99990850043141222     
   1.6610000000000080E-005  0.99990596399312792     
   1.6710000000000096E-005  0.99990340099895425     
   1.6810000000000112E-005  0.99990081126460217     
   1.6910000000000128E-005  0.99989819460524820     
   1.7010000000000144E-005  0.99989705147316810     
   1.7110000000000160E-005  0.99989690095229944     
   1.7210000000000176E-005  0.99989674918607918     
   1.7310000000000192E-005  0.99989659587892865     
   1.7410000000000208E-005  0.99989644100457276     
   1.7510000000000224E-005  0.99989628454828727     
   1.7610000000000240E-005  0.99989612649776638     
   1.7710000000000256E-005  0.99989596684147453     
   1.7810000000000272E-005  0.99989580556816215     
   1.7910000000000288E-005  0.99989564266670128     
   1.8010000000000304E-005  0.99989547812601642     
   1.8110000000000320E-005  0.99989531193503856     
   1.8210000000000336E-005  0.99989373243473889     
   1.8310000000000352E-005  0.99989071811414121     
   1.8410000000000368E-005  0.99988767447466231     
   1.8510000000000384E-005  0.99988460089892162     
   1.8610000000000399E-005  0.99988149718048691     
   1.8710000000000415E-005  0.99987836311727585     
   1.8810000000000431E-005  0.99987519850957862     
   1.8910000000000447E-005  0.99987200315857050     
   1.9010000000000463E-005  0.99986877686562559     
   1.9110000000000479E-005  0.99986551943197821     
   1.9210000000000495E-005  0.99986223065855617     
   1.9310000000000511E-005  0.99985891034585306     
   1.9410000000000527E-005  0.99985681631093226     
   1.9510000000000543E-005  0.99985659503471858     
   1.9610000000000559E-005  0.99985637235241109     
   1.9710000000000575E-005  0.99985614758136498     
   1.9810000000000591E-005  0.99985592068385454     
   1.9910000000000607E-005  0.99985569164155774     
   2.0010000000000623E-005  0.99985546043938889     
   2.0110000000000639E-005  0.99985522706314589     
   2.0210000000000655E-005  0.99985499149892731     
   2.0310000000000671E-005  0.99985475373292731     
   2.0410000000000687E-005  0.99985451375137713     
   2.0510000000000703E-005  0.99985427154049977     
   2.0610000000000719E-005  0.99985332341990252     
   2.0710000000000735E-005  0.99984954984495855     
   2.0810000000000751E-005  0.99984574034735874     
   2.0910000000000767E-005  0.99984189615406360     
   2.1010000000000783E-005  0.99983801704107300     
   2.1110000000000799E-005  0.99983410278664153     
   2.1210000000000815E-005  0.99983015316965840     
   2.1310000000000831E-005  0.99982616795455803     
   2.1410000000000847E-005  0.99982214682256554     
   2.1510000000000863E-005  0.99981808945246409     
   2.1610000000000879E-005  0.99981399578086372     
   2.1710000000000895E-005  0.99980986566287933     
   2.1810000000000911E-005  0.99980608252474468     
   2.1910000000000927E-005  0.99980577290645622     
   2.2010000000000943E-005  0.99980545649351449     
   2.2110000000000959E-005  0.99980513734294785     
   2.2210000000000975E-005  0.99980481538477661     
   2.2310000000000991E-005  0.99980449059551046     
   2.2410000000001007E-005  0.99980416295687469     
   2.2510000000001023E-005  0.99980383245174720     
   2.2610000000001039E-005  0.99980349906330090     
   2.2710000000001055E-005  0.99980316277478387     
   2.2810000000001071E-005  0.99980282356944294     
   2.2910000000001087E-005  0.99980248143049766     
   2.3010000000001103E-005  0.99980213634111670     
   2.3110000000001119E-005  0.99979748194444662     
   2.3210000000001135E-005  0.99979278809003780     
   2.3310000000001151E-005  0.99978805442245011     
   2.3410000000001167E-005  0.99978328071583755     
   2.3510000000001183E-005  0.99977846673424620     
   2.3610000000001199E-005  0.99977361224690697     
   2.3710000000001215E-005  0.99976871702540293     
   2.3810000000001231E-005  0.99976378084225004     
   2.3910000000001247E-005  0.99975880347024271     
   2.4010000000001263E-005  0.99975378468211351     
   2.4110000000001279E-005  0.99974872425034245     
   2.4210000000001295E-005  0.99974362194706534     
   2.4310000000001311E-005  0.99974271577128859     
   2.4410000000001327E-005  0.99974227409137173     
   2.4510000000001343E-005  0.99974182888177476     
   2.4610000000001358E-005  0.99974138001025226     
   2.4710000000001374E-005  0.99974092744759047     
   2.4810000000001390E-005  0.99974047117217457     
   2.4910000000001406E-005  0.99974001116365230     
   2.5010000000001422E-005  0.99973954740189197     
   2.5110000000001438E-005  0.99973907986675836     
   2.5210000000001454E-005  0.99973860853805208     
   2.5310000000001470E-005  0.99973813339549666     
   2.5410000000001486E-005  0.99973765439673556     
   2.5510000000001502E-005  0.99973301101921697     
   2.5610000000001518E-005  0.99972728685417223     
   2.5710000000001534E-005  0.99972151702075251     
   2.5810000000001550E-005  0.99971570152558942     
   2.5910000000001566E-005  0.99970984033419807     
   2.6010000000001582E-005  0.99970393443428773     
   2.6110000000001598E-005  0.99969798244160646     
   2.6210000000001614E-005  0.99969198382440505     
   2.6310000000001630E-005  0.99968593834105157     
   2.6410000000001646E-005  0.99967984574992041     
   2.6510000000001662E-005  0.99967370580918724     
   2.6610000000001678E-005  0.99966751827670508     
   2.6710000000001694E-005  0.99966523213044334     
   2.6810000000001710E-005  0.99966462555716484     
   2.6910000000001726E-005  0.99966401460385279     
   2.7010000000001742E-005  0.99966339893420375     
   2.7110000000001758E-005  0.99966277851103436     
   2.7210000000001774E-005  0.99966215330904473     
   2.7310000000001790E-005  0.99966152330434810     
   2.7410000000001806E-005  0.99966088847382673     
   2.7510000000001822E-005  0.99966024879436977     
   2.7610000000001838E-005  0.99965960424191547     
   2.7710000000001854E-005  0.99965895479224542     
   2.7810000000001870E-005  0.99965830042100701     
   2.7910000000001886E-005  0.99965392288666743     
   2.8010000000001902E-005  0.99964702673648209     
   2.8110000000001918E-005  0.99964007819201051     
   2.8210000000001934E-005  0.99963307789795608     
   2.8310000000001950E-005  0.99962602568700387     
   2.8410000000001966E-005  0.99961892130431140     
   2.8510000000001982E-005  0.99961176449298983     
   2.8610000000001998E-005  0.99960455591517705     
   2.8710000000002014E-005  0.99959729620369819     
   2.8810000000002030E-005  0.99958998342637961     
   2.8910000000002046E-005  0.99958261753882760     
   2.9010000000002062E-005  0.99957519998075994     
   2.9110000000002078E-005  0.99957106627758741     
   2.9210000000002094E-005  0.99957025224930018     
   2.9310000000002110E-005  0.99956943149694844     
   2.9410000000002126E-005  0.99956860477839471     
   2.9510000000002142E-005  0.99956777204458036     
   2.9610000000002158E-005  0.99956693326632939     
   2.9710000000002174E-005  0.99956608841598626     
   2.9810000000002190E-005  0.99956523746570780     
   2.9910000000002206E-005  0.99956438038729445     
   3.0010000000002222E-005  0.99956351715224245     
   3.0110000000002238E-005  0.99956264773181513     
   3.0210000000002254E-005  0.99956177209707142     
   3.0310000000002270E-005  0.99955871865677015     
   3.0410000000002286E-005  0.99955054261221987     
   3.0510000000002302E-005  0.99954231266726656     
   3.0610000000002317E-005  0.99953402496756449     
   3.0710000000002333E-005  0.99952567931536784     
   3.0810000000002349E-005  0.99951727542902191     
   3.0910000000002365E-005  0.99950881169532402     
   3.1010000000002381E-005  0.99950028815698067     
   3.1110000000002397E-005  0.99949170556682765     
   3.1210000000002413E-005  0.99948306430295153     
   3.1310000000002429E-005  0.99947436575758952     
   3.1410000000002445E-005  0.99946560758732650     
   3.1510000000002461E-005  0.99945834868093308     
   3.1610000000002477E-005  0.99945726740680296     
   3.1710000000002493E-005  0.99945618297701966     
   3.1810000000002509E-005  0.99945509111791797     
   3.1910000000002525E-005  0.99945399174464944     
   3.2010000000002541E-005  0.99945288482339401     
   3.2110000000002557E-005  0.99945177032286792     
   3.2210000000002573E-005  0.99945064821121132     
   3.2310000000002589E-005  0.99944951845589236     
   3.2410000000002605E-005  0.99944838102383882     
   3.2510000000002621E-005  0.99944723588159345     
   3.2610000000002637E-005  0.99944608299538296     
   3.2710000000002653E-005  0.99944409363985476     
   3.2810000000002669E-005  0.99943450407893297     
   3.2910000000002685E-005  0.99942486105964867     
   3.3010000000002701E-005  0.99941515370589429     
   3.3110000000002717E-005  0.99940538292870440     
   3.3210000000002733E-005  0.99939555015203041     
   3.3310000000002749E-005  0.99938565267877222     
   3.3410000000002765E-005  0.99937569020667838     
   3.3510000000002781E-005  0.99936566246470648     
   3.3610000000002797E-005  0.99935556917517676     
   3.3710000000002813E-005  0.99934541005853006     
   3.3810000000002829E-005  0.99933518483439165     
   3.3910000000002845E-005  0.99932489339745001     
   3.4010000000002861E-005  0.99932349334561221     
   3.4110000000002877E-005  0.99932208254515398     
   3.4210000000002893E-005  0.99932066270284559     
   3.4310000000002909E-005  0.99931923366287168     
   3.4410000000002925E-005  0.99931779538091692     
   3.4510000000002941E-005  0.99931634778711065     
   3.4610000000002957E-005  0.99931489082151359     
   3.4710000000002973E-005  0.99931342444665483     
   3.4810000000002989E-005  0.99931194862422557     
   3.4910000000003005E-005  0.99931046331534334     
   3.5010000000003021E-005  0.99930896848069151     
   3.5110000000003037E-005  0.99930746408064741     
   3.5210000000003053E-005  0.99929734760791333     
   3.5310000000003069E-005  0.99928620856376660     
   3.5410000000003085E-005  0.99927499938486231     
   3.5510000000003101E-005  0.99926372013337916     
   3.5610000000003117E-005  0.99925237072536222     
   3.5710000000003133E-005  0.99924095154203885     
   3.5810000000003149E-005  0.99922946311625993     
   3.5910000000003165E-005  0.99921790329673077     
   3.6010000000003181E-005  0.99920627318345456     
   3.6110000000003197E-005  0.99919457189302630     
   3.6210000000003213E-005  0.99918279835556467     
   3.6310000000003229E-005  0.99917095228072061     
   3.6410000000003245E-005  0.99916714189005718     
   3.6510000000003260E-005  0.99916533839758659     
   3.6610000000003276E-005  0.99916352399479003     
   3.6710000000003292E-005  0.99916169833700641     
   3.6810000000003308E-005  0.99915986138065171     
   3.6910000000003324E-005  0.99915801308763152     
   3.7010000000003340E-005  0.99915615341753805     
   3.7110000000003356E-005  0.99915428232804970     
   3.7210000000003372E-005  0.99915239977556458     
   3.7310000000003388E-005  0.99915050571560582     
   3.7410000000003404E-005  0.99914860010308948     
   3.7510000000003420E-005  0.99914668289247832     
   3.7610000000003436E-005  0.99913723938903709     
   3.7710000000003452E-005  0.99912450988588186     
   3.7810000000003468E-005  0.99911170177335995     
   3.7910000000003484E-005  0.99909881414886392     
   3.8010000000003500E-005  0.99908584906931686     
   3.8110000000003516E-005  0.99907280707841262     
   3.8210000000003532E-005  0.99905968787617982     
   3.8310000000003548E-005  0.99904649171201332     
   3.8410000000003564E-005  0.99903321922424060     
   3.8510000000003580E-005  0.99901987193899899     
   3.8610000000003596E-005  0.99900644773420522     
   3.8710000000003612E-005  0.99899294948311668     
   3.8810000000003628E-005  0.99898616863425060     
   3.8910000000003644E-005  0.99898388348326350     
   3.9010000000003660E-005  0.99898158607563681     
   3.9110000000003676E-005  0.99897927508476048     
   3.9210000000003692E-005  0.99897695045947832     
   3.9310000000003708E-005  0.99897461215916017     
   3.9410000000003724E-005  0.99897226013940044     
   3.9510000000003740E-005  0.99896989435281236     
   3.9610000000003756E-005  0.99896751475011369     
   3.9710000000003772E-005  0.99896512128079451     
   3.9810000000003788E-005  0.99896271389351909     
   3.9910000000003804E-005  0.99896029253632490     
   4.0010000000003820E-005  0.99895305841355142     
   4.0110000000003836E-005  0.99893857626512128     
   4.0210000000003852E-005  0.99892400877478926     
   4.0310000000003868E-005  0.99890935854573382     
   4.0410000000003884E-005  0.99889462532382001     
   4.0510000000003900E-005  0.99887980880775129     
   4.0610000000003916E-005  0.99886490868679267     
   4.0710000000003932E-005  0.99884992463980260     
   4.0810000000003948E-005  0.99883485630941649     
   4.0910000000003964E-005  0.99881970311781709     
   4.1010000000003980E-005  0.99880446516844423     
   4.1110000000003996E-005  0.99878914679853392     
   4.1210000000004012E-005  0.99877751033012541     
   4.1310000000004028E-005  0.99877465220217032     
   4.1410000000004044E-005  0.99877176912351007     
   4.1510000000004060E-005  0.99876886952387378     
   4.1610000000004076E-005  0.99876595324171313     
   4.1710000000004092E-005  0.99876302047363774     
   4.1810000000004108E-005  0.99876007123781396     
   4.1910000000004124E-005  0.99875710549473484     
   4.2010000000004140E-005  0.99875412319264312     
   4.2110000000004156E-005  0.99875112427379265     
   4.2210000000004172E-005  0.99874810866746944     
   4.2310000000004188E-005  0.99874507615046315     
   4.2410000000004204E-005  0.99873937412639124     
   4.2510000000004219E-005  0.99872306765503593     
   4.2610000000004235E-005  0.99870666368925520     
   4.2710000000004251E-005  0.99869017003317528     
   4.2810000000004267E-005  0.99867358706885567     
   4.2910000000004283E-005  0.99865691392862388     
   4.3010000000004299E-005  0.99864014858630645     
   4.3110000000004315E-005  0.99862329185999721     
   4.3210000000004331E-005  0.99860634513884494     
   4.3310000000004347E-005  0.99858930763974929     
   4.3410000000004363E-005  0.99857218367054568     
   4.3510000000004379E-005  0.99855497218959388     
   4.3610000000004395E-005  0.99853903025889523     
   4.3710000000004411E-005  0.99853549687949861     
   4.3810000000004427E-005  0.99853192235885746     
   4.3910000000004443E-005  0.99852832858484275     
   4.4010000000004459E-005  0.99852471541578602     
   4.4110000000004475E-005  0.99852108280779872     
   4.4210000000004491E-005  0.99851743071017129     
   4.4310000000004507E-005  0.99851375906577688     
   4.4410000000004523E-005  0.99851006781353902     
   4.4510000000004539E-005  0.99850635689367828     
   4.4610000000004555E-005  0.99850262644199628     
   4.4710000000004571E-005  0.99849887653974978     
   4.4810000000004587E-005  0.99849510710635780     
   4.4910000000004603E-005  0.99847687600025992     
   4.5010000000004619E-005  0.99845855273974293     
   4.5110000000004635E-005  0.99844013606785165     
   4.5210000000004651E-005  0.99842162749348429     
   4.5310000000004667E-005  0.99840302316372598     
   4.5410000000004683E-005  0.99838432025649548     
   4.5510000000004699E-005  0.99836551944844221     
   4.5610000000004715E-005  0.99834662199865676     
   4.5710000000004731E-005  0.99832762796978891     
   4.5810000000004747E-005  0.99830853927878993     
   4.5910000000004763E-005  0.99828935408774200     
   4.6010000000004779E-005  0.99827007405439971     
   4.6110000000004795E-005  0.99826419917286657     
   4.6210000000004811E-005  0.99825979384409225     
   4.6310000000004827E-005  0.99825536614738253     
   4.6410000000004843E-005  0.99825091578208458     
   4.6510000000004859E-005  0.99824644249932803     
   4.6610000000004875E-005  0.99824194619304929     
   4.6710000000004891E-005  0.99823742680275407     
   4.6810000000004907E-005  0.99823288426085222     
   4.6910000000004923E-005  0.99822831849383231     
   4.7010000000004939E-005  0.99822372941869597     
   4.7110000000004955E-005  0.99821911691750698     
   4.7210000000004971E-005  0.99821448074238395     
   4.7310000000004987E-005  0.99819733754993201     
   4.7410000000005003E-005  0.99817698442407987     
   4.7510000000005019E-005  0.99815652957577405     
   4.7610000000005035E-005  0.99813597397475418     
   4.7710000000005051E-005  0.99811532028965433     
   4.7810000000005067E-005  0.99809456723576828     
   4.7910000000005083E-005  0.99807371188132787     
   4.8010000000005099E-005  0.99805275390468984     
   4.8110000000005115E-005  0.99803169298839567     
   4.8210000000005131E-005  0.99801052881279284     
   4.8310000000005147E-005  0.99798926105672470     
   4.8410000000005162E-005  0.99796788939779446     
   4.8510000000005178E-005  0.99795772329840970     
   4.8610000000005194E-005  0.99795235818784267     
   4.8710000000005210E-005  0.99794696727284493     
   4.8810000000005226E-005  0.99794154956365333     
   4.8910000000005242E-005  0.99793610501515784     
   4.9010000000005258E-005  0.99793063357466016     
   4.9110000000005274E-005  0.99792513517664938     
   4.9210000000005290E-005  0.99791960974793570     
   4.9310000000005306E-005  0.99791405721076776     
   4.9410000000005322E-005  0.99790847748449507     
   4.9510000000005338E-005  0.99790287048650683     
   4.9610000000005354E-005  0.99789723613276871     
   4.9710000000005370E-005  0.99788327058451576     
   4.9810000000005386E-005  0.99786090811984607     
   4.9910000000005402E-005  0.99783844067587479     
   5.0010000000005418E-005  0.99781586401743960     
   5.0110000000005434E-005  0.99779317974000659     
   5.0210000000005450E-005  0.99777038700170151     
   5.0310000000005466E-005  0.99774748568413296     
   5.0410000000005482E-005  0.99772447597028491     
   5.0510000000005498E-005  0.99770135756258749     
   5.0610000000005514E-005  0.99767812981150583     
   5.0710000000005530E-005  0.99765479472833207     
   5.0810000000005546E-005  0.99763134941119047     
   5.0910000000005562E-005  0.99761465007683936     
   5.1010000000005578E-005  0.99760815171488704     
   5.1110000000005594E-005  0.99760162629652305     
   5.1210000000005610E-005  0.99759506910417994     
   5.1310000000005626E-005  0.99758848133701838     
   5.1410000000005642E-005  0.99758186245295488     
   5.1510000000005658E-005  0.99757521219329093     
   5.1610000000005674E-005  0.99756853048069705     
   5.1710000000005690E-005  0.99756181723124571     
   5.1810000000005706E-005  0.99755507235694385     
   5.1910000000005722E-005  0.99754829576723847     
   5.2010000000005738E-005  0.99754148736972459     
   5.2110000000005754E-005  0.99752939227842896     
   5.2210000000005770E-005  0.99750488847927798     
   5.2310000000005786E-005  0.99748028967064051     
   5.2410000000005802E-005  0.99745557822473419     
   5.2510000000005818E-005  0.99743075392745872     
   5.2610000000005834E-005  0.99740581646031146     
   5.2710000000005850E-005  0.99738076770388706     
   5.2810000000005866E-005  0.99735561936643580     
   5.2910000000005882E-005  0.99733035667015957     
   5.3010000000005898E-005  0.99730497941838969     
   5.3110000000005914E-005  0.99727948746286932     
   5.3210000000005930E-005  0.99725387955998879     
   5.3310000000005946E-005  0.99723177341211255     
   5.3410000000005962E-005  0.99722397051404887     
   5.3510000000005978E-005  0.99721614683939064     
   5.3610000000005994E-005  0.99720828717650734     
   5.3710000000006010E-005  0.99720039146327732     
   5.3810000000006026E-005  0.99719245958891845     
   5.3910000000006042E-005  0.99718449147932164     
   5.4010000000006058E-005  0.99717648700370165     
   5.4110000000006074E-005  0.99716844595646792     
   5.4210000000006090E-005  0.99716036834808419     
   5.4310000000006106E-005  0.99715225475563385     
   5.4410000000006121E-005  0.99714410541173804     
   5.4510000000006137E-005  0.99713412926166978     
   5.4610000000006153E-005  0.99710757881758327     
   5.4710000000006169E-005  0.99708095324014001     
   5.4810000000006185E-005  0.99705421010020501     
   5.4910000000006201E-005  0.99702735035269663     
   5.5010000000006217E-005  0.99700036947063497     
   5.5110000000006233E-005  0.99697327323436924     
   5.5210000000006249E-005  0.99694606415165765     
   5.5310000000006265E-005  0.99691873710322076     
   5.5410000000006281E-005  0.99689129120994080     
   5.5510000000006297E-005  0.99686372824699454     
   5.5610000000006313E-005  0.99683604565398976     
   5.5710000000006329E-005  0.99680824306354743     
   5.5810000000006345E-005  0.99679897986853860     
   5.5910000000006361E-005  0.99678966930165447     
   5.6010000000006377E-005  0.99678031754500995     
   5.6110000000006393E-005  0.99677092435171410     
   5.6210000000006409E-005  0.99676148969465572     
   5.6310000000006425E-005  0.99675201364158417     
   5.6410000000006441E-005  0.99674249600676423     
   5.6510000000006457E-005  0.99673293665652907     
   5.6610000000006473E-005  0.99672333548771797     
   5.6710000000006489E-005  0.99671369261484577     
   5.6810000000006505E-005  0.99670400919685564     
   5.6910000000006521E-005  0.99669428385117442     
   5.7010000000006537E-005  0.99666761726746456     
   5.7110000000006553E-005  0.99663896717544354     
   5.7210000000006569E-005  0.99661019536600404     
   5.7310000000006585E-005  0.99658130169572579     
   5.7410000000006601E-005  0.99655228583035438     
   5.7510000000006617E-005  0.99652314744792148     
   5.7610000000006633E-005  0.99649389109938136     
   5.7710000000006649E-005  0.99646451899479538     
   5.7810000000006665E-005  0.99643503059204863     
   5.7910000000006681E-005  0.99640542602597593     
   5.8010000000006697E-005  0.99637569924750646     
   5.8110000000006713E-005  0.99634584815233862     
   5.8210000000006729E-005  0.99633110768666289     
   5.8310000000006745E-005  0.99632011155057154     
   5.8410000000006761E-005  0.99630906849684941     
   5.8510000000006777E-005  0.99629797779488705     
   5.8610000000006793E-005  0.99628683932575934     
   5.8710000000006809E-005  0.99627565194566003     
   5.8810000000006825E-005  0.99626441678860655     
   5.8910000000006841E-005  0.99625313399874416     
   5.9010000000006857E-005  0.99624180350434288     
   5.9110000000006873E-005  0.99623042519971483     
   5.9210000000006889E-005  0.99621899896841415     
   5.9310000000006905E-005  0.99620752470504992     
   5.9410000000006921E-005  0.99618461880250098     
   5.9510000000006937E-005  0.99615403604708774     
   5.9610000000006953E-005  0.99612332669142689     
   5.9710000000006969E-005  0.99609249250320542     
   5.9810000000006985E-005  0.99606154690356918     
   5.9910000000007001E-005  0.99603048166962527     
   6.0010000000007017E-005  0.99599929447078805     
   6.0110000000007033E-005  0.99596798372483608     
   6.0210000000007049E-005  0.99593654848374646     
   6.0310000000007065E-005  0.99590498577817599     
   6.0410000000007080E-005  0.99587329474309871     
   6.0510000000007096E-005  0.99584147369767972     
   6.0610000000007112E-005  0.99581908803793340     
   6.0710000000007128E-005  0.99580620188130775     
   6.0810000000007144E-005  0.99579325676986985     
   6.0910000000007160E-005  0.99578025796793834     
   6.1010000000007176E-005  0.99576720405976082     
   6.1110000000007145E-005  0.99575409505590329     
   6.1210000000007093E-005  0.99574093223045401     
   6.1310000000007041E-005  0.99572771747265598     
   6.1410000000006990E-005  0.99571444903568695     
   6.1510000000006938E-005  0.99570112642954856     
   6.1610000000006886E-005  0.99568774953719552     
   6.1710000000006834E-005  0.99567431822022501     
   6.1810000000006782E-005  0.99565329834755045     
   6.1910000000006731E-005  0.99562090820284088     
   6.2010000000006679E-005  0.99558839101508501     
   6.2110000000006627E-005  0.99555574014678361     
   6.2210000000006575E-005  0.99552295674624081     
   6.2310000000006524E-005  0.99549004327052915     
   6.2410000000006472E-005  0.99545699697676726     
   6.2510000000006420E-005  0.99542382439416655     
   6.2610000000006368E-005  0.99539052280266560     
   6.2710000000006316E-005  0.99535709138250439     
   6.2810000000006265E-005  0.99532352924771916     
   6.2910000000006213E-005  0.99528983717597919     
   6.3010000000006161E-005  0.99526165727623273     
   6.3110000000006109E-005  0.99524664698680476     
   6.3210000000006058E-005  0.99523154868892316     
   6.3310000000006006E-005  0.99521638963851866     
   6.3410000000005954E-005  0.99520116982261964     
   6.3510000000005902E-005  0.99518588916509709     
   6.3610000000005850E-005  0.99517054738056743     
   6.3710000000005799E-005  0.99515514407131656     
   6.3810000000005747E-005  0.99513967919204149     
   6.3910000000005695E-005  0.99512415427056922     
   6.4010000000005643E-005  0.99510856978645634     
   6.4110000000005592E-005  0.99509292396837656     
   6.4210000000005540E-005  0.99507352148747497     
   6.4310000000005488E-005  0.99503941023536469     
   6.4410000000005436E-005  0.99500515178785420     
   6.4510000000005384E-005  0.99497076220787906     
   6.4610000000005333E-005  0.99493624098435296     
   6.4710000000005281E-005  0.99490158624151115     
   6.4810000000005229E-005  0.99486679645756171     
   6.4910000000005177E-005  0.99483187363636494     
   6.5010000000005126E-005  0.99479681626591532     
   6.5110000000005074E-005  0.99476162243623956     
   6.5210000000005022E-005  0.99472629533366452     
   6.5310000000004970E-005  0.99469083488395338     
   6.5410000000004918E-005  0.99465702232638908     
   6.5510000000004867E-005  0.99463969006786601     
   6.5610000000004815E-005  0.99462222762128860     
   6.5710000000004763E-005  0.99460469697457521     
   6.5810000000004711E-005  0.99458709821352387     
   6.5910000000004660E-005  0.99456943145109455     
   6.6010000000004608E-005  0.99455169669008170     
   6.6110000000004556E-005  0.99453389457948471     
   6.6210000000004504E-005  0.99451602529320271     
   6.6310000000004452E-005  0.99449808813762530     
   6.6410000000004401E-005  0.99448008302212709     
   6.6510000000004349E-005  0.99446200937269980     
   6.6610000000004297E-005  0.99444386798405393     
   6.6710000000004245E-005  0.99440838741091631     
   6.6810000000004194E-005  0.99437278673414786     
   6.6910000000004142E-005  0.99433705711275777     
   6.7010000000004090E-005  0.99430119527050798     
   6.7110000000004038E-005  0.99426520250925088     
   6.7210000000003986E-005  0.99422908177982960     
   6.7310000000003935E-005  0.99419282791287866     
   6.7410000000003883E-005  0.99415644064657271     
   6.7510000000003831E-005  0.99411991917953413     
   6.7610000000003779E-005  0.99408326770227351     
   6.7710000000003727E-005  0.99404648468792256     
   6.7810000000003676E-005  0.99400956839654686     
   6.7910000000003624E-005  0.99398795918222071     
   6.8010000000003572E-005  0.99396797761343747     
   6.8110000000003520E-005  0.99394792136388321     
   6.8210000000003469E-005  0.99392778950766780     
   6.8310000000003417E-005  0.99390758365228637     
   6.8410000000003365E-005  0.99388730350352283     
   6.8510000000003313E-005  0.99386694731146275     
   6.8610000000003261E-005  0.99384651420221892     
   6.8710000000003210E-005  0.99382600452254777     
   6.8810000000003158E-005  0.99380541973243486     
   6.8910000000003106E-005  0.99378475818340894     
   6.9010000000003054E-005  0.99376402096455407     
   6.9110000000003003E-005  0.99373221053345229     
   6.9210000000002951E-005  0.99369558205723896     
   6.9310000000002899E-005  0.99365882015466078     
   6.9410000000002847E-005  0.99362192492891654     
   6.9510000000002795E-005  0.99358489367875225     
   6.9610000000002744E-005  0.99354772896702903     
   6.9710000000002692E-005  0.99351043041981968     
   6.9810000000002640E-005  0.99347299184523896     
   6.9910000000002588E-005  0.99343541787833323     
   7.0010000000002537E-005  0.99339771681758593     
   7.0110000000002485E-005  0.99335988671374886     
   7.0210000000002433E-005  0.99332192554721710     
   7.0310000000002381E-005  0.99329314789698164     
   7.0410000000002329E-005  0.99327045627514388     
   7.0510000000002278E-005  0.99324768515354034     
   7.0610000000002226E-005  0.99322482998651584     
   7.0710000000002174E-005  0.99320189105593115     
   7.0810000000002122E-005  0.99317886864545812     
   7.0910000000002071E-005  0.99315576285047580     
   7.1010000000002019E-005  0.99313257364758223     
   7.1110000000001967E-005  0.99310930093614547     
   7.1210000000001915E-005  0.99308594479373058     
   7.1310000000001863E-005  0.99306250493119386     
   7.1410000000001812E-005  0.99303898104515054     
   7.1510000000001760E-005  0.99300858353555843     
   7.1610000000001708E-005  0.99297127286298381     
   7.1710000000001656E-005  0.99293383745670061     
   7.1810000000001605E-005  0.99289626770087347     
   7.1910000000001553E-005  0.99285856515505899     
   7.2010000000001501E-005  0.99282072851464742     
   7.2110000000001449E-005  0.99278275960184392     
   7.2210000000001397E-005  0.99274465981993698     
   7.2310000000001346E-005  0.99270643170451400     
   7.2410000000001294E-005  0.99266808563165332     
   7.2510000000001242E-005  0.99262961179977260     
   7.2610000000001190E-005  0.99259101551697271     
   7.2710000000001139E-005  0.99255765044286459     
   7.2810000000001087E-005  0.99253215586621224     
   7.2910000000001035E-005  0.99250657647877238     
   7.3010000000000983E-005  0.99248090373507025     
   7.3110000000000931E-005  0.99245513903790394     
   7.3210000000000880E-005  0.99242928312116629     
   7.3310000000000828E-005  0.99240333704626305     
   7.3410000000000776E-005  0.99237730085477072     
   7.3510000000000724E-005  0.99235117280207241     
   7.3610000000000673E-005  0.99232495294955525     
   7.3710000000000621E-005  0.99229864337076223     
   7.3810000000000569E-005  0.99227224168701122     
   7.3910000000000517E-005  0.99224255475767709     
   7.4010000000000465E-005  0.99220516642306067     
   7.4110000000000414E-005  0.99216769308248154     
   7.4210000000000362E-005  0.99213009322670653     
   7.4310000000000310E-005  0.99209237237811898     
   7.4410000000000258E-005  0.99205452492221902     
   7.4510000000000206E-005  0.99201655062238570     
   7.4610000000000155E-005  0.99197844782698252     
   7.4710000000000103E-005  0.99194021535059607     
   7.4810000000000051E-005  0.99190185632676187     
   7.4909999999999999E-005  0.99186336855590040     
   7.5009999999999948E-005  0.99182475099770218     
   7.5109999999999896E-005  0.99178816828676031     
   7.5209999999999844E-005  0.99175986858333354     
   7.5309999999999792E-005  0.99173149451056586     
   7.5409999999999740E-005  0.99170301534132044     
   7.5509999999999689E-005  0.99167442923117255     
   7.5609999999999637E-005  0.99164574144713602     
   7.5709999999999585E-005  0.99161695826080321     
   7.5809999999999533E-005  0.99158808041562752     
   7.5909999999999482E-005  0.99155910405840997     
   7.6009999999999430E-005  0.99153002916559008     
   7.6109999999999378E-005  0.99150085557923873     
   7.6209999999999326E-005  0.99147158363965160     
   7.6309999999999274E-005  0.99144154639820703     
   7.6409999999999223E-005  0.99140455463687005     
   7.6509999999999171E-005  0.99136752479371315     
   7.6609999999999119E-005  0.99133037203471464     
   7.6709999999999067E-005  0.99129309826540535     
   7.6809999999999016E-005  0.99125570224382697     
   7.6909999999998964E-005  0.99121818380889903     
   7.7009999999998912E-005  0.99118055104715141     
   7.7109999999998860E-005  0.99114279887366974     
   7.7209999999998808E-005  0.99110492836842767     
   7.7309999999998757E-005  0.99106693530518775     
   7.7409999999998705E-005  0.99102881796451869     
   7.7509999999998653E-005  0.99099057642924471     
   7.7609999999998601E-005  0.99095958977902709     
   7.7709999999998550E-005  0.99092846952285207     
   7.7809999999998498E-005  0.99089722902871369     
   7.7909999999998446E-005  0.99086587264911485     
   7.8009999999998394E-005  0.99083440377261145     
   7.8109999999998342E-005  0.99080282492096161     
   7.8209999999998291E-005  0.99077114225700391     
   7.8309999999998239E-005  0.99073935297628579     
   7.8409999999998187E-005  0.99070745756654022     
   7.8509999999998135E-005  0.99067545566370996     
   7.8609999999998084E-005  0.99064334719438352     
   7.8709999999998032E-005  0.99061113174513915     
   7.8809999999997980E-005  0.99057597319614066     
   7.8909999999997928E-005  0.99054001391403934     
   7.9009999999997876E-005  0.99050393993136154     
   7.9109999999997825E-005  0.99046774853562558     
   7.9209999999997773E-005  0.99043143892818830     
   7.9309999999997721E-005  0.99039501570532096     
   7.9409999999997669E-005  0.99035848009763883     
   7.9509999999997618E-005  0.99032183094456483     
   7.9609999999997566E-005  0.99028507372230556     
   7.9709999999997514E-005  0.99024819656515117     
   7.9809999999997462E-005  0.99021119871089158     
   7.9909999999997410E-005  0.99017408282350472     
   8.0009999999997359E-005  0.99013945177734153     
   8.0109999999997307E-005  0.99010579945532640     
   8.0209999999997255E-005  0.99007203055934812     
   8.0309999999997203E-005  0.99003813772661176     
   8.0409999999997152E-005  0.99000412059789256     
   8.0509999999997100E-005  0.98996998103071387     
   8.0609999999997048E-005  0.98993572210901082     
   8.0709999999996996E-005  0.98990134940967767     
   8.0809999999996944E-005  0.98986686155349701     
   8.0909999999996893E-005  0.98983226208891595     
   8.1009999999996841E-005  0.98979755634429778     
   8.1109999999996789E-005  0.98976274126192176     
   8.1209999999996737E-005  0.98972829128917916     
   8.1309999999996685E-005  0.98969408215309795     
   8.1409999999996634E-005  0.98965976096107577     
   8.1509999999996582E-005  0.98962533309368850     
   8.1609999999996530E-005  0.98959079590122823     
   8.1709999999996478E-005  0.98955615252218776     
   8.1809999999996427E-005  0.98952140014643830     
   8.1909999999996375E-005  0.98948653755396543     
   8.2009999999996323E-005  0.98945156266513257     
   8.2109999999996271E-005  0.98941647685814471     
   8.2209999999996219E-005  0.98938128161537953     
   8.2309999999996168E-005  0.98934598296962062     
   8.2409999999996116E-005  0.98931049852957764     
   8.2509999999996064E-005  0.98927482481307494     
   8.2609999999996012E-005  0.98923901869587427     
   8.2709999999995961E-005  0.98920308901451348     
   8.2809999999995909E-005  0.98916703150581753     
   8.2909999999995857E-005  0.98913084563952514     
   8.3009999999995805E-005  0.98909453181009233     
   8.3109999999995753E-005  0.98905809464874228     
   8.3209999999995702E-005  0.98902153502260859     
   8.3309999999995650E-005  0.98898485978915962     
   8.3409999999995598E-005  0.98894806797511281     
   8.3509999999995546E-005  0.98891115951953412     
   8.3609999999995495E-005  0.98887630217106870     
   8.3709999999995443E-005  0.98884466064312193     
   8.3809999999995391E-005  0.98881291174640995     
   8.3909999999995339E-005  0.98878106686948541     
   8.4009999999995287E-005  0.98874912836047191     
   8.4109999999995236E-005  0.98871709180722955     
   8.4209999999995184E-005  0.98868495679480817     
   8.4309999999995132E-005  0.98865272367034140     
   8.4409999999995080E-005  0.98862039514894884     
   8.4509999999995029E-005  0.98858796763016410     
   8.4609999999994977E-005  0.98855544075750201     
   8.4709999999994925E-005  0.98852281499264882     
   8.4809999999994873E-005  0.98848879462286898     
   8.4909999999994821E-005  0.98845177376463011     
   8.5009999999994770E-005  0.98841458230431301     
   8.5109999999994718E-005  0.98837726581006757     
   8.5209999999994666E-005  0.98833982027435008     
   8.5309999999994614E-005  0.98830224568094227     
   8.5409999999994563E-005  0.98826454726404700     
   8.5509999999994511E-005  0.98822672123876676     
   8.5609999999994459E-005  0.98818876656278076     
   8.5709999999994407E-005  0.98815068434415598     
   8.5809999999994355E-005  0.98811247404473290     
   8.5909999999994304E-005  0.98807414118062997     
   8.6009999999994252E-005  0.98803765602348792     
   8.6109999999994200E-005  0.98800921086676052     
   8.6209999999994148E-005  0.98798064644856054     
   8.6309999999994097E-005  0.98795199907980202     
   8.6409999999994045E-005  0.98792326659224083     
   8.6509999999993993E-005  0.98789445356759886     
   8.6609999999993941E-005  0.98786555184988478     
   8.6709999999993889E-005  0.98783656155202648     
   8.6809999999993838E-005  0.98780748438943600     
   8.6909999999993786E-005  0.98777831867136734     
   8.7009999999993734E-005  0.98774906366215764     
   8.7109999999993682E-005  0.98771971993441521     
   8.7209999999993631E-005  0.98768942432177520     
   8.7309999999993579E-005  0.98765207629445850     
   8.7409999999993527E-005  0.98761451341724915     
   8.7509999999993475E-005  0.98757682033954675     
   8.7609999999993423E-005  0.98753899870045825     
   8.7709999999993372E-005  0.98750104920007242     
   8.7809999999993320E-005  0.98746297160169105     
   8.7909999999993268E-005  0.98742476582133099     
   8.8009999999993216E-005  0.98738643925770564     
   8.8109999999993164E-005  0.98734799774249071     
   8.8209999999993113E-005  0.98730942756968409     
   8.8309999999993061E-005  0.98727073766931039     
   8.8409999999993009E-005  0.98723191695338897     
   8.8509999999992957E-005  0.98720595995504135     
   8.8609999999992906E-005  0.98718138237843145     
   8.8709999999992854E-005  0.98715672970955581     
   8.8809999999992802E-005  0.98713200313900806     
   8.8909999999992750E-005  0.98710720277233155     
   8.9009999999992698E-005  0.98708232655932593     
   8.9109999999992647E-005  0.98705737413117345     
   8.9209999999992595E-005  0.98703234421171071     
   8.9309999999992543E-005  0.98700723720225503     
   8.9409999999992491E-005  0.98698205614335777     
   8.9509999999992440E-005  0.98695679891333010     
   8.9609999999992388E-005  0.98693146554214417     
   8.9709999999992336E-005  0.98689715133996159     
   8.9809999999992284E-005  0.98686047681994815     
   8.9909999999992232E-005  0.98682368271506204     
   9.0009999999992181E-005  0.98678677490646605     
   9.0109999999992129E-005  0.98674974893690903     
   9.0209999999992077E-005  0.98671259687403956     
   9.0309999999992025E-005  0.98667532416586545     
   9.0409999999991974E-005  0.98663794019307105     
   9.0509999999991922E-005  0.98660044135471137     
   9.0609999999991870E-005  0.98656282338890267     
   9.0709999999991818E-005  0.98652509249668519     
   9.0809999999991766E-005  0.98648724733159820     
   9.0909999999991715E-005  0.98646175331090513     
   9.1009999999991663E-005  0.98644155169132519     
   9.1109999999991611E-005  0.98642128783967520     
   9.1209999999991559E-005  0.98640096250774589     
   9.1309999999991508E-005  0.98638057435014548     
   9.1409999999991456E-005  0.98636012359138470     
   9.1509999999991404E-005  0.98633961020881733     
   9.1609999999991352E-005  0.98631903584827674     
   9.1709999999991300E-005  0.98629839831873001     
   9.1809999999991249E-005  0.98627769819783140     
   9.1909999999991197E-005  0.98625693673555670     
   9.2009999999991145E-005  0.98623611418137647     
   9.2109999999991093E-005  0.98620727022164389     
   9.2209999999991042E-005  0.98617298214332416     
   9.2309999999990990E-005  0.98613857858585718     
   9.2409999999990938E-005  0.98610405732008022     
   9.2509999999990886E-005  0.98606941961179118     
   9.2609999999990834E-005  0.98603466641628934     
   9.2709999999990783E-005  0.98599979939302251     
   9.2809999999990731E-005  0.98596482067010660     
   9.2909999999990679E-005  0.98592973111764559     
   9.3009999999990627E-005  0.98589453148950335     
   9.3109999999990576E-005  0.98585922348423061     
   9.3209999999990524E-005  0.98582380859310992     
   9.3309999999990472E-005  0.98579827771366446     
   9.3409999999990420E-005  0.98578266488920985     
   9.3509999999990368E-005  0.98576701586853732     
   9.3609999999990317E-005  0.98575131904553892     
   9.3709999999990265E-005  0.98573557692699554     
   9.3809999999990213E-005  0.98571978928121728     
   9.3909999999990161E-005  0.98570395540418532     
   9.4009999999990110E-005  0.98568807445829609     
   9.4109999999990058E-005  0.98567214638968592     
   9.4209999999990006E-005  0.98565617167039543     
   9.4309999999989954E-005  0.98564014868217054     
   9.4409999999989902E-005  0.98562407623368098     
   9.4509999999989851E-005  0.98560226488457214     
   9.4609999999989799E-005  0.98557178725745853     
   9.4709999999989747E-005  0.98554121538713413     
   9.4809999999989695E-005  0.98551054351703771     
   9.4909999999989643E-005  0.98547977451825841     
   9.5009999999989592E-005  0.98544890582149391     
   9.5109999999989540E-005  0.98541794237129055     
   9.5209999999989488E-005  0.98538688434815569     
   9.5309999999989436E-005  0.98535572733012455     
   9.5409999999989385E-005  0.98532447304959270     
   9.5509999999989333E-005  0.98529312144314374     
   9.5609999999989281E-005  0.98526167049713342     
   9.5709999999989229E-005  0.98523626088034510     
   9.5809999999989177E-005  0.98522502941582368     
   9.5909999999989126E-005  0.98521379122796182     
   9.6009999999989074E-005  0.98520251741188070     
   9.6109999999989022E-005  0.98519120782671743     
   9.6209999999988970E-005  0.98517986310723915     
   9.6309999999988919E-005  0.98516848185090988     
   9.6409999999988867E-005  0.98515706405667158     
   9.6509999999988815E-005  0.98514561005670598     
   9.6609999999988763E-005  0.98513411938898410     
   9.6709999999988711E-005  0.98512259260924961     
   9.6809999999988660E-005  0.98511103029385838     
   9.6909999999988608E-005  0.98509673508643880     
   9.7009999999988556E-005  0.98507144772669231     
   9.7109999999988504E-005  0.98504608491845014     
   9.7209999999988453E-005  0.98502063545054375     
   9.7309999999988401E-005  0.98499510485677899     
   9.7409999999988349E-005  0.98496949697470926     
   9.7509999999988297E-005  0.98494380703752860     
   9.7609999999988245E-005  0.98491804016167850     
   9.7709999999988194E-005  0.98489219281587226     
   9.7809999999988142E-005  0.98486626323973836     
   9.7909999999988090E-005  0.98484025230667704     
   9.8009999999988038E-005  0.98481416297127589     
   9.8109999999987987E-005  0.98478799264317485     
   9.8209999999987935E-005  0.98478062999847316     
   9.8309999999987883E-005  0.98477324874204775     
   9.8409999999987831E-005  0.98476584187663563     
   9.8509999999987779E-005  0.98475840970434680     
   9.8609999999987728E-005  0.98475095190593198     
   9.8709999999987676E-005  0.98474346780194966     
   9.8809999999987624E-005  0.98473595722189800     
   9.8909999999987572E-005  0.98472841978575165     
   9.9009999999987521E-005  0.98472085616051663     
   9.9109999999987469E-005  0.98471326648516111     
   9.9209999999987417E-005  0.98470564980785913     
   9.9309999999987365E-005  0.98469800640002803     
   9.9409999999987313E-005  0.98467979531594974     
   9.9509999999987262E-005  0.98466033623867000     
   9.9609999999987210E-005  0.98464080830067180     
   9.9709999999987158E-005  0.98462121486387078     
   9.9809999999987106E-005  0.98460155691087270     
   9.9909999999987055E-005  0.98458183331129123     
   1.0000999999998700E-004  0.98456204827917071     
   1.0010999999998695E-004  0.98454220237429613     
   1.0020999999998690E-004  0.98452229371540556     
   1.0030999999998685E-004  0.98450232590342102     
   1.0040999999998680E-004  0.98448229560363520     
   1.0050999999998674E-004  0.98446220278052621     
   1.0060999999998669E-004  0.98445459233274024     
   1.0070999999998664E-004  0.98445009936917482     
   1.0080999999998659E-004  0.98444558754695310     
   1.0090999999998654E-004  0.98444105734333132     
   1.0100999999998648E-004  0.98443650742571875     
   1.0110999999998643E-004  0.98443193675502361     
   1.0120999999998638E-004  0.98442734505743079     
   1.0130999999998633E-004  0.98442273248024437     
   1.0140999999998628E-004  0.98441809848942097     
   1.0150999999998623E-004  0.98441344272237907     
   1.0160999999998617E-004  0.98440876470378091     
   1.0170999999998612E-004  0.98440406453814888     
   1.0180999999998607E-004  0.98439308202906584     
   1.0190999999998602E-004  0.98437935299595569     
   1.0200999999998597E-004  0.98436556631103700     
   1.0210999999998592E-004  0.98435172569448903     
   1.0220999999998586E-004  0.98433783253251672     
   1.0230999999998581E-004  0.98432388898270051     
   1.0240999999998576E-004  0.98430989525989920     
   1.0250999999998571E-004  0.98429585179777201     
   1.0260999999998566E-004  0.98428175735448076     
   1.0270999999998560E-004  0.98426761362283466     
   1.0280999999998555E-004  0.98425341859727045     
   1.0290999999998550E-004  0.98423917036706554     
   1.0300999999998545E-004  0.98423186991845923     
   1.0310999999998540E-004  0.98422921550477238     
   1.0320999999998535E-004  0.98422654091661843     
   1.0330999999998529E-004  0.98422384639309213     
   1.0340999999998524E-004  0.98422113143547629     
   1.0350999999998519E-004  0.98421839554032442     
   1.0360999999998514E-004  0.98421563752677366     
   1.0370999999998509E-004  0.98421285734629504     
   1.0380999999998504E-004  0.98421005467569023     
   1.0390999999998498E-004  0.98420722934747085     
   1.0400999999998493E-004  0.98420438092832663     
   1.0410999999998488E-004  0.98420150883730029     
   1.0420999999998483E-004  0.98419561374017883     
   1.0430999999998478E-004  0.98418667718803299     
   1.0440999999998472E-004  0.98417768985669984     
   1.0450999999998467E-004  0.98416865858232372     
   1.0460999999998462E-004  0.98415958433382245     
   1.0470999999998457E-004  0.98415046647875126     
   1.0480999999998452E-004  0.98414130613560324     
   1.0490999999998447E-004  0.98413210389119277     
   1.0500999999998441E-004  0.98412285987595449     
   1.0510999999998436E-004  0.98411357134825139     
   1.0520999999998431E-004  0.98410424022762055     
   1.0530999999998426E-004  0.98409486637701105     
   1.0540999999998421E-004  0.98408847012351297     
   1.0550999999998415E-004  0.98408658140418392     
   1.0560999999998410E-004  0.98408466398816419     
   1.0570999999998405E-004  0.98408271831957350     
   1.0580999999998400E-004  0.98408074320086880     
   1.0590999999998395E-004  0.98407873797045176     
   1.0600999999998390E-004  0.98407670202896969     
   1.0610999999998384E-004  0.98407463473110268     
   1.0620999999998379E-004  0.98407253533387484     
   1.0630999999998374E-004  0.98407040291974657     
   1.0640999999998369E-004  0.98406823683682287     
   1.0650999999998364E-004  0.98406603594712971     
   1.0660999999998359E-004  0.98406274389824311     
   1.0670999999998353E-004  0.98405695711906049     
   1.0680999999998348E-004  0.98405111794767330     
   1.0690999999998343E-004  0.98404523153852841     
   1.0700999999998338E-004  0.98403929929401679     
   1.0710999999998333E-004  0.98403331720164511     
   1.0720999999998327E-004  0.98402728542989770     
   1.0730999999998322E-004  0.98402120489297884     
   1.0740999999998317E-004  0.98401507311644831     
   1.0750999999998312E-004  0.98400889117018031     
   1.0760999999998307E-004  0.98400265706330936     
   1.0770999999998302E-004  0.98399637036976983     
   1.0780999999998296E-004  0.98399045834165200     
   1.0790999999998291E-004  0.98398832230404809     
   1.0800999999998286E-004  0.98398614274926988     
   1.0810999999998281E-004  0.98398391300931731     
   1.0820999999998276E-004  0.98398163187149046     
   1.0830999999998271E-004  0.98397929837954723     
   1.0840999999998265E-004  0.98397691079048089     
   1.0850999999998260E-004  0.98397446783945108     
   1.0860999999998255E-004  0.98397196760719086     
   1.0870999999998250E-004  0.98396940752950024     
   1.0880999999998245E-004  0.98396678615753475     
   1.0890999999998239E-004  0.98396410220684949     
   1.0900999999998234E-004  0.98396135405970908     
   1.0910999999998229E-004  0.98395685838999547     
   1.0920999999998224E-004  0.98395233263707893     
   1.0930999999998219E-004  0.98394777580707238     
   1.0940999999998214E-004  0.98394318815581383     
   1.0950999999998208E-004  0.98393856875841856     
   1.0960999999998203E-004  0.98393391649998885     
   1.0970999999998198E-004  0.98392922950775574     
   1.0980999999998193E-004  0.98392450512037566     
   1.0990999999998188E-004  0.98391974036748342     
   1.1000999999998182E-004  0.98391493486856629     
   1.1010999999998177E-004  0.98391008828373550     
   1.1020999999998172E-004  0.98390519916185082     
   1.1030999999998167E-004  0.98390026594792501     
   1.1040999999998162E-004  0.98389528711168239     
   1.1050999999998157E-004  0.98389026130960278     
   1.1060999999998151E-004  0.98388518614724918     
   1.1070999999998146E-004  0.98388005840506654     
   1.1080999999998141E-004  0.98387487738316048     
   1.1090999999998136E-004  0.98386963951369555     
   1.1100999999998131E-004  0.98386434183567018     
   1.1110999999998126E-004  0.98385898269571626     
   1.1120999999998120E-004  0.98385355854055956     
   1.1130999999998115E-004  0.98384806810402137     
   1.1140999999998110E-004  0.98384250902563219     
   1.1150999999998105E-004  0.98383687894810690     
   1.1160999999998100E-004  0.98383117578491686     
   1.1170999999998094E-004  0.98382539763977794     
   1.1180999999998089E-004  0.98381954050731824     
   1.1190999999998084E-004  0.98381360268778706     
   1.1200999999998079E-004  0.98380758103635524     
   1.1210999999998074E-004  0.98380147234955506     
   1.1220999999998069E-004  0.98379527386821808     
   1.1230999999998063E-004  0.98378898258083625     
   1.1240999999998058E-004  0.98378259388782419     
   1.1250999999998053E-004  0.98377610537189097     
   1.1260999999998048E-004  0.98376951541119184     
   1.1270999999998043E-004  0.98376281946318989     
   1.1280999999998037E-004  0.98375601469841722     
   1.1290999999998032E-004  0.98374909821445800     
   1.1300999999998027E-004  0.98374206650893126     
   1.1310999999998022E-004  0.98373491456913986     
   1.1320999999998017E-004  0.98372764064048401     
   1.1330999999998012E-004  0.98372024108199096     
   1.1340999999998006E-004  0.98371271267230365     
   1.1350999999998001E-004  0.98370505101603034     
   1.1360999999997996E-004  0.98369725102953565     
   1.1370999999997991E-004  0.98368931284743133     
   1.1380999999997986E-004  0.98368123166253285     
   1.1390999999997981E-004  0.98367300285658765     
   1.1400999999997975E-004  0.98366462400482368     
   1.1410999999997970E-004  0.98365608987902553     
   1.1420999999997965E-004  0.98364739639563892     
   1.1430999999997960E-004  0.98363853970374315     
   1.1440999999997955E-004  0.98362951489942885     
   1.1450999999997949E-004  0.98362031851334064     
   1.1460999999997944E-004  0.98361094687763784     
   1.1470999999997939E-004  0.98360139625322451     
   1.1480999999997934E-004  0.98359166099801376     
   1.1490999999997929E-004  0.98358173659695713     
   1.1500999999997924E-004  0.98357161847963126     
   1.1510999999997918E-004  0.98356129966141592     
   1.1520999999997913E-004  0.98355077400305468     
   1.1530999999997908E-004  0.98354003066776474     
   1.1540999999997903E-004  0.98352906734828938     
   1.1550999999997898E-004  0.98351787625890308     
   1.1560999999997893E-004  0.98350645206107312     
   1.1570999999997887E-004  0.98349479508450410     
   1.1580999999997882E-004  0.98348290191851595     
   1.1590999999997877E-004  0.98347077026562391     
   1.1600999999997872E-004  0.98345839223849685     
   1.1610999999997867E-004  0.98344576767959502     
   1.1620999999997861E-004  0.98343289586192950     
   1.1630999999997856E-004  0.98341977279549908     
   1.1640999999997851E-004  0.98340638884306586     
   1.1650999999997846E-004  0.98339274207163196     
   1.1660999999997841E-004  0.98337882697631296     
   1.1670999999997836E-004  0.98336464110996791     
   1.1680999999997830E-004  0.98335017701248328     
   1.1690999999997825E-004  0.98333543069487550     
   1.1700999999997820E-004  0.98332039456738718     
   1.1710999999997815E-004  0.98330506610619661     
   1.1720999999997810E-004  0.98328944588056943     
   1.1730999999997804E-004  0.98327353023782149     
   1.1740999999997799E-004  0.98325731331417432     
   1.1750999999997794E-004  0.98324079436333989     
   1.1760999999997789E-004  0.98322396504543741     
   1.1770999999997784E-004  0.98320682159758277     
   1.1780999999997779E-004  0.98318934795579616     
   1.1790999999997773E-004  0.98317154198739642     
   1.1800999999997768E-004  0.98315340638588500     
   1.1810999999997763E-004  0.98313493013714048     
   1.1820999999997758E-004  0.98311610271575267     
   1.1830999999997753E-004  0.98309692252341396     
   1.1840999999997748E-004  0.98307738865941707     
   1.1850999999997742E-004  0.98305749641320528     
   1.1860999999997737E-004  0.98303723634809059     
   1.1870999999997732E-004  0.98301660038917671     
   1.1880999999997727E-004  0.98299557606715360     
   1.1890999999997722E-004  0.98297416249182223     
   1.1900999999997716E-004  0.98295235629907207     
   1.1910999999997711E-004  0.98293015294079522     
   1.1920999999997706E-004  0.98290754576831796     
   1.1930999999997701E-004  0.98288452613296917     
   1.1940999999997696E-004  0.98286108252146775     
   1.1950999999997691E-004  0.98283720813498887     
   1.1960999999997685E-004  0.98281289557380658     
   1.1970999999997680E-004  0.98278805960392535     
   1.1980999999997675E-004  0.98276114843548934     
   1.1990999999997670E-004  0.98273146074329676     
   1.1999999999997665E-004  0.98270228032315043     
