# RMS shrinking factor for the case B1Ra8CT1
   1.0999999999999998E-007  0.99999999689583452     
   2.1000000000000008E-007  0.99999974347757403     
   3.1000000000000016E-007  0.99999964351721182     
   4.1000000000000026E-007  0.99999942100341721     
   5.1000000000000031E-007  0.99999907480750483     
   6.1000000000000041E-007  0.99999899942990467     
   7.1000000000000051E-007  0.99999829764904336     
   8.1000000000000061E-007  0.99999820064721234     
   9.1000000000000071E-007  0.99999751474121346     
   1.0100000000000003E-006  0.99999696822852457     
   1.1099999999999993E-006  0.99999666869535098     
   1.2099999999999984E-006  0.99999523703488957     
   1.3099999999999974E-006  0.99999517084478606     
   1.4099999999999965E-006  0.99999367579113019     
   1.5099999999999955E-006  0.99999282219448948     
   1.6099999999999945E-006  0.99999180406723864     
   1.7099999999999936E-006  0.99998974690606446     
   1.8099999999999926E-006  0.99998958566071794     
   1.9099999999999919E-006  0.99998645053348723     
   2.0099999999999909E-006  0.99998560498396172     
   2.1099999999999900E-006  0.99998320077503200     
   2.2099999999999890E-006  0.99998025029489623     
   2.3099999999999880E-006  0.99997948654468538     
   2.4099999999999871E-006  0.99997458266412387     
   2.5099999999999861E-006  0.99997366076832495     
   2.6099999999999852E-006  0.99996942542204248     
   2.7099999999999842E-006  0.99996605546116801     
   2.8099999999999833E-006  0.99996352801518251     
   2.9099999999999823E-006  0.99995691049210700     
   3.0099999999999813E-006  0.99995607021826760     
   3.1099999999999804E-006  0.99994842068157441     
   3.2099999999999794E-006  0.99994502499963289     
   3.3099999999999785E-006  0.99994043538828226     
   3.4099999999999775E-006  0.99993205034950694     
   3.5099999999999766E-006  0.99993057060535939     
   3.6099999999999756E-006  0.99991909091245601     
   3.7099999999999746E-006  0.99991523108542979     
   3.8099999999999737E-006  0.99990668750683009     
   3.9099999999999727E-006  0.99989771149136908     
   4.0099999999999718E-006  0.99989286595135052     
   4.1099999999999708E-006  0.99987778314311504     
   4.2099999999999699E-006  0.99987482995234456     
   4.3099999999999689E-006  0.99986085095980914     
   4.4099999999999679E-006  0.99985038236910839     
   4.5099999999999670E-006  0.99984221025194830     
   4.6099999999999660E-006  0.99982453000165128     
   4.7099999999999651E-006  0.99981999157241364     
   4.8099999999999641E-006  0.99980070041802538     
   4.9099999999999632E-006  0.99979040004670350     
   5.0099999999999622E-006  0.99977619506346427     
   5.1099999999999612E-006  0.99975781047228862     
   5.2099999999999603E-006  0.99974929325070028     
   5.3099999999999593E-006  0.99972393089129874     
   5.4099999999999584E-006  0.99971413285185806     
   5.5099999999999574E-006  0.99969451557693778     
   5.6099999999999565E-006  0.99967399145210001     
   5.7099999999999555E-006  0.99966037343130010     
   5.8099999999999545E-006  0.99963059383116759     
   5.9099999999999536E-006  0.99961924375067324     
   6.0099999999999526E-006  0.99959175189332183     
   6.1099999999999517E-006  0.99957093585668999     
   6.2099999999999507E-006  0.99954955602966389     
   6.3099999999999498E-006  0.99951941909592112     
   6.4099999999999488E-006  0.99950371445809516     
   6.5099999999999478E-006  0.99946839817227762     
   6.6099999999999469E-006  0.99944495895234520     
   6.7099999999999459E-006  0.99941749457364892     
   6.8099999999999450E-006  0.99938517060575582     
   6.9099999999999440E-006  0.99936270963623397     
   7.0099999999999430E-006  0.99932450691175623     
   7.1099999999999421E-006  0.99929948134662427     
   7.2099999999999411E-006  0.99926530898585397     
   7.3099999999999402E-006  0.99923251509570676     
   7.4099999999999392E-006  0.99920228459306049     
   7.5099999999999383E-006  0.99916403246675423     
   7.6099999999999373E-006  0.99913461097839895     
   7.7099999999999363E-006  0.99909786515715193     
   7.8099999999999354E-006  0.99906289081525446     
   7.9099999999999344E-006  0.99902831695519545     
   8.0099999999999335E-006  0.99899119533160641     
   8.1099999999999325E-006  0.99895583299274182     
   8.2099999999999316E-006  0.99892017300783387     
   8.3099999999999306E-006  0.99888319371456469     
   8.4099999999999296E-006  0.99884835026652818     
   8.5099999999999287E-006  0.99881295691965410     
   8.6099999999999277E-006  0.99877568569779096     
   8.7099999999999268E-006  0.99874583226102209     
   8.8099999999999258E-006  0.99870741115003858     
   8.9099999999999249E-006  0.99867751588337628     
   9.0099999999999239E-006  0.99864546332344950     
   9.1099999999999229E-006  0.99861206866065300     
   9.2099999999999220E-006  0.99858937853663321     
   9.3099999999999210E-006  0.99855336149807683     
   9.4099999999999201E-006  0.99853515424530825     
   9.5099999999999191E-006  0.99850800927145900     
   9.6099999999999182E-006  0.99848612961169003     
   9.7099999999999172E-006  0.99847015344873469     
   9.8099999999999162E-006  0.99844348382687476     
   9.9099999999999153E-006  0.99843609176716452     
   1.0009999999999914E-005  0.99841845418142194     
   1.0109999999999913E-005  0.99840773129164195     
   1.0209999999999912E-005  0.99839964655270363     
   1.0309999999999911E-005  0.99838788446560500     
   1.0409999999999910E-005  0.99838586481582814     
   1.0509999999999910E-005  0.99837716229717788     
   1.0609999999999909E-005  0.99837475009236287     
   1.0709999999999908E-005  0.99837159780564666     
   1.0809999999999907E-005  0.99836815176983595     
   1.0909999999999906E-005  0.99836768956514454     
   1.1009999999999905E-005  0.99836549705634892     
   1.1109999999999904E-005  0.99836332606916223     
   1.1209999999999903E-005  0.99836118467296064     
   1.1309999999999902E-005  0.99835907504093546     
   1.1409999999999901E-005  0.99835699772879716     
   1.1509999999999900E-005  0.99835495305777988     
   1.1609999999999899E-005  0.99835294180996048     
   1.1709999999999898E-005  0.99835096424598924     
   1.1809999999999897E-005  0.99834902097905942     
   1.1909999999999896E-005  0.99834711225597128     
   1.0000000000000000E-008  0.99834244565352603     
   1.2099999999999894E-005  0.99810862881269047     
   1.2199999999999893E-005  0.99810665733856196     
   1.2299999999999892E-005  0.99810472007445283     
   1.2399999999999891E-005  0.99810281491661401     
   1.2499999999999890E-005  0.99810094341891387     
   1.2599999999999890E-005  0.99809910695328297     
   1.2699999999999889E-005  0.99809730445539946     
   1.2799999999999888E-005  0.99809553650546190     
   1.2899999999999887E-005  0.99809380266206349     
   1.2999999999999886E-005  0.99809210122036918     
   1.3099999999999885E-005  0.99809043208656023     
   1.3199999999999884E-005  0.99808879614293367     
   1.3299999999999883E-005  0.99808719117779021     
   1.3399999999999882E-005  0.99808561746864077     
   1.3499999999999881E-005  0.99808407356667950     
   1.3599999999999880E-005  0.99808256045099342     
   1.3699999999999879E-005  0.99808107570136928     
   1.3799999999999878E-005  0.99807961722775951     
   1.3899999999999877E-005  0.99807818835184525     
   1.3999999999999876E-005  0.99807678779070186     
   1.4099999999999875E-005  0.99807541589379001     
   1.4199999999999874E-005  0.99807407139199844     
   1.4299999999999873E-005  0.99807275416608299     
   1.4399999999999872E-005  0.99807146174596051     
   1.4499999999999871E-005  0.99807019379341855     
   1.4599999999999870E-005  0.99806894909103516     
   1.4699999999999869E-005  0.99806772546005873     
   1.4799999999999868E-005  0.99806652316172995     
   1.4899999999999868E-005  0.99806534314577933     
   1.4999999999999867E-005  0.99806418473614245     
   1.5099999999999866E-005  0.99806304595356077     
   1.5199999999999865E-005  0.99806192539647598     
   1.5299999999999870E-005  0.99806082338234881     
   1.5399999999999886E-005  0.99805973860350794     
   1.5499999999999902E-005  0.99805866739576710     
   1.5599999999999918E-005  0.99805761006387583     
   1.5699999999999934E-005  0.99805656822834532     
   1.5799999999999950E-005  0.99805553819287696     
   1.5899999999999966E-005  0.99805452208972600     
   1.5999999999999982E-005  0.99805351902161388     
   1.6099999999999998E-005  0.99805252768393049     
   1.6200000000000014E-005  0.99805154753338909     
   1.6300000000000030E-005  0.99805057517563800     
   1.6400000000000046E-005  0.99804961240521783     
   1.6500000000000062E-005  0.99804865702467349     
   1.6600000000000078E-005  0.99804770229506945     
   1.6700000000000094E-005  0.99804675249939012     
   1.6800000000000110E-005  0.99804580476402127     
   1.6900000000000126E-005  0.99804486013635574     
   1.7000000000000142E-005  0.99804391763644029     
   1.7100000000000158E-005  0.99804297461015712     
   1.7200000000000174E-005  0.99804203395918745     
   1.7300000000000190E-005  0.99804109431815924     
   1.7400000000000206E-005  0.99804015401663648     
   1.7500000000000222E-005  0.99803920859180983     
   1.7600000000000238E-005  0.99803825991062212     
   1.7700000000000254E-005  0.99803730684914638     
   1.7800000000000270E-005  0.99803634784344708     
   1.7900000000000286E-005  0.99803537945866549     
   1.8000000000000302E-005  0.99803440152740786     
   1.8100000000000318E-005  0.99803340987964140     
   1.8200000000000334E-005  0.99803240793292414     
   1.8300000000000350E-005  0.99803139374617988     
   1.8400000000000366E-005  0.99803036592175243     
   1.8500000000000382E-005  0.99802932202678685     
   1.8600000000000398E-005  0.99802826232123587     
   1.8700000000000414E-005  0.99802717909273442     
   1.8800000000000430E-005  0.99802606690329176     
   1.8900000000000446E-005  0.99802493487304311     
   1.9000000000000462E-005  0.99802378390454505     
   1.9100000000000478E-005  0.99802261311555918     
   1.9200000000000494E-005  0.99802142064486199     
   1.9300000000000510E-005  0.99802019896925465     
   1.9400000000000526E-005  0.99801894805033597     
   1.9500000000000542E-005  0.99801765602624559     
   1.9600000000000558E-005  0.99801632396367312     
   1.9700000000000574E-005  0.99801495235213045     
   1.9800000000000590E-005  0.99801353869251141     
   1.9900000000000606E-005  0.99801208024866739     
   2.0000000000000622E-005  0.99801055882154788     
   2.0100000000000638E-005  0.99800898292603035     
   2.0200000000000654E-005  0.99800735811650165     
   2.0300000000000670E-005  0.99800568439041337     
   2.0400000000000686E-005  0.99800394934228787     
   2.0500000000000702E-005  0.99800214981969626     
   2.0600000000000718E-005  0.99800028693686860     
   2.0700000000000734E-005  0.99799835485248956     
   2.0800000000000750E-005  0.99799635118894547     
   2.0900000000000766E-005  0.99799424992723318     
   2.1000000000000781E-005  0.99799205392573165     
   2.1100000000000797E-005  0.99798976956558660     
   2.1200000000000813E-005  0.99798737567242513     
   2.1300000000000829E-005  0.99798487522997348     
   2.1400000000000845E-005  0.99798225901486404     
   2.1500000000000861E-005  0.99797951534304186     
   2.1600000000000877E-005  0.99797664572600109     
   2.1700000000000893E-005  0.99797363731846478     
   2.1800000000000909E-005  0.99797047737241507     
   2.1900000000000925E-005  0.99796715015209503     
   2.2000000000000941E-005  0.99796365002777043     
   2.2100000000000957E-005  0.99795998187563606     
   2.2200000000000973E-005  0.99795614063145899     
   2.2300000000000989E-005  0.99795212436427616     
   2.2400000000001005E-005  0.99794789229998637     
   2.2500000000001021E-005  0.99794343896081439     
   2.2600000000001037E-005  0.99793877599820968     
   2.2700000000001053E-005  0.99793386846514187     
   2.2800000000001069E-005  0.99792868945001367     
   2.2900000000001085E-005  0.99792320519649824     
   2.3000000000001101E-005  0.99791738452459366     
   2.3100000000001117E-005  0.99791123425959394     
   2.3200000000001133E-005  0.99790473441130878     
   2.3300000000001149E-005  0.99789789841803056     
   2.3400000000001165E-005  0.99789068209876508     
   2.3500000000001181E-005  0.99788305300075131     
   2.3600000000001197E-005  0.99787499075791741     
   2.3700000000001213E-005  0.99786647864727118     
   2.3800000000001229E-005  0.99785750255789440     
   2.3900000000001245E-005  0.99784799454899065     
   2.4000000000001261E-005  0.99783794798782077     
   2.4100000000001277E-005  0.99782736154456164     
   2.4200000000001293E-005  0.99781615369976973     
   2.4300000000001309E-005  0.99780424298356418     
   2.4400000000001325E-005  0.99779163147949623     
   2.4500000000001341E-005  0.99777826849596707     
   2.4600000000001357E-005  0.99776408864138266     
   2.4700000000001373E-005  0.99774910077283541     
   2.4800000000001389E-005  0.99773330980930419     
   2.4900000000001405E-005  0.99771661359153896     
   2.5000000000001421E-005  0.99769889925746669     
   2.5100000000001437E-005  0.99768017407900200     
   2.5200000000001453E-005  0.99766037457073764     
   2.5300000000001469E-005  0.99763944515124159     
   2.5400000000001485E-005  0.99761733094896066     
   2.5500000000001501E-005  0.99759394368601340     
   2.5600000000001517E-005  0.99756919108880560     
   2.5700000000001533E-005  0.99754305591061387     
   2.5800000000001549E-005  0.99751542565159745     
   2.5900000000001565E-005  0.99748605566188819     
   2.6000000000001581E-005  0.99745483918546562     
   2.6100000000001597E-005  0.99742180018154114     
   2.6200000000001613E-005  0.99738680991382644     
   2.6300000000001629E-005  0.99734981168511760     
   2.6400000000001645E-005  0.99731057750111907     
   2.6500000000001661E-005  0.99726890976145521     
   2.6600000000001677E-005  0.99722453832141889     
   2.6700000000001693E-005  0.99717741378221814     
   2.6800000000001709E-005  0.99712749464535866     
   2.6900000000001725E-005  0.99707468723385517     
   2.7000000000001740E-005  0.99701868616797762     
   2.7100000000001756E-005  0.99695922545256821     
   2.7200000000001772E-005  0.99689615435906220     
   2.7300000000001788E-005  0.99682925713182324     
   2.7400000000001804E-005  0.99675840396748150     
   2.7500000000001820E-005  0.99668321220138600     
   2.7600000000001836E-005  0.99660338467780596     
   2.7700000000001852E-005  0.99651871880193221     
   2.7800000000001868E-005  0.99642872857996112     
   2.7900000000001884E-005  0.99633321847485212     
   2.8000000000001900E-005  0.99623186121843232     
   2.8100000000001916E-005  0.99612417860802849     
   2.8200000000001932E-005  0.99600966699374716     
   2.8300000000001948E-005  0.99588762697758570     
   2.8400000000001964E-005  0.99575747482256804     
   2.8500000000001980E-005  0.99561861523238060     
   2.8600000000001996E-005  0.99547005207868189     
   2.8700000000002012E-005  0.99531109904215653     
   2.8800000000002028E-005  0.99514070041601965     
   2.8900000000002044E-005  0.99495750693080409     
   2.9000000000002060E-005  0.99476008660649662     
   2.9100000000002076E-005  0.99454660373954740     
   2.9200000000002092E-005  0.99431532157388525     
   2.9300000000002108E-005  0.99406374889435800     
   2.9400000000002124E-005  0.99378953244146528     
   2.9500000000002140E-005  0.99349011733618298     
   2.9600000000002156E-005  0.99316149647528396     
   2.9700000000002172E-005  0.99279978103854316     
   2.9800000000002188E-005  0.99240156634181187     
   2.9900000000002204E-005  0.99196310476628369     
   3.0000000000002220E-005  0.99148072419820221     
   3.0100000000002236E-005  0.99094936516715704     
   3.0200000000002252E-005  0.99036531795132110     
   3.0300000000002268E-005  0.98972436692994192     
   3.0400000000002284E-005  0.98902229663815255     
   3.0500000000002300E-005  0.98825541777512305     
   3.0600000000002316E-005  0.98742010138729208     
   3.0700000000002332E-005  0.98650956384737443     
   3.0800000000002348E-005  0.98552053117079630     
   3.0900000000002364E-005  0.98444939230236361     
   3.1000000000002380E-005  0.98329086642995578     
   3.1100000000002396E-005  0.98203803969294279     
   3.1200000000002412E-005  0.98068502436158711     
   3.1300000000002428E-005  0.97922584093606169     
   3.1400000000002444E-005  0.97765263316165907     
   3.1500000000002460E-005  0.97595829153184599     
   3.1600000000002476E-005  0.97413527536707234     
   3.1700000000002492E-005  0.97217697922440194     
   3.1800000000002508E-005  0.97007466351821603     
   3.1900000000002524E-005  0.96781849048845492     
   3.2000000000002540E-005  0.96540058243864779     
   3.2100000000002556E-005  0.96280729157101264     
   3.2200000000002572E-005  0.96002053548702315     
   3.2300000000002588E-005  0.95703046161701832     
   3.2400000000002604E-005  0.95384235792711780     
   3.2500000000002620E-005  0.95044961432909403     
   3.2600000000002636E-005  0.94683320623204870     
   3.2700000000002652E-005  0.94298494778944608     
   3.2800000000002668E-005  0.93889256883677563     
   3.2900000000002683E-005  0.93454216926806277     
   3.3000000000002699E-005  0.92993096706001077     
   3.3100000000002715E-005  0.92505494570042768     
   3.3200000000002731E-005  0.91989766975336307     
   3.3300000000002747E-005  0.91446127156280366     
   3.3400000000002763E-005  0.90874569366211522     
   3.3500000000002779E-005  0.90274322206162683     
   3.3600000000002795E-005  0.89645190569447564     
   3.3700000000002811E-005  0.88988012253032489     
   3.3800000000002827E-005  0.88302794649633298     
   3.3900000000002843E-005  0.87590730590118426     
   3.4000000000002859E-005  0.86852513010669530     
   3.4100000000002875E-005  0.86090219683682967     
   3.4200000000002891E-005  0.85304826817972512     
   3.4300000000002907E-005  0.84498643275283647     
   3.4400000000002923E-005  0.83673887807668712     
   3.4500000000002939E-005  0.82834028841498664     
   3.4600000000002955E-005  0.81981694259433768     
   3.4700000000002971E-005  0.81119328496828014     
   3.4800000000002987E-005  0.80250771784217467     
   3.4900000000003003E-005  0.79379382849583680     
   3.5000000000003019E-005  0.78508808663902530     
   3.5100000000003035E-005  0.77642582802240723     
   3.5200000000003051E-005  0.76783353616265992     
   3.5300000000003067E-005  0.75934305344492159     
   3.5400000000003083E-005  0.75095312471182396     
   3.5500000000003099E-005  0.74269179152550213     
   3.5600000000003115E-005  0.73459583981349286     
   3.5700000000003131E-005  0.72666517788483320     
   3.5800000000003147E-005  0.71889782440678585     
   3.5900000000003163E-005  0.71131360050145176     
   3.6000000000003179E-005  0.70391715413927247     
   3.6100000000003195E-005  0.69668772854773175     
   3.6200000000003211E-005  0.68961587698549009     
   3.6300000000003227E-005  0.68270528590915580     
   3.6400000000003243E-005  0.67597615092527463     
   3.6500000000003259E-005  0.66945774023198379     
   3.6600000000003275E-005  0.66317484576789920     
   3.6700000000003291E-005  0.65711698089632831     
   3.6800000000003307E-005  0.65123360074251269     
   3.6900000000003323E-005  0.64555342638828617     
   3.7000000000003339E-005  0.64010616816695609     
   3.7100000000003355E-005  0.63489818383401930     
   3.7200000000003371E-005  0.62993449595734818     
   3.7300000000003387E-005  0.62519040737945430     
   3.7400000000003403E-005  0.62063810039483780     
   3.7500000000003419E-005  0.61630992862466849     
   3.7600000000003435E-005  0.61218799135244228     
   3.7700000000003451E-005  0.60826322410473910     
   3.7800000000003467E-005  0.60453673434727540     
   3.7900000000003483E-005  0.60100172402371599     
   3.8000000000003499E-005  0.59764139642067748     
   3.8100000000003515E-005  0.59443377450533375     
   3.8200000000003531E-005  0.59137538574222581     
   3.8300000000003547E-005  0.58845699731958734     
   3.8400000000003563E-005  0.58568597145612722     
   3.8500000000003579E-005  0.58305659599051052     
   3.8600000000003595E-005  0.58055379812347507     
   3.8700000000003611E-005  0.57817137563409993     
   3.8800000000003627E-005  0.57589332505470059     
   3.8900000000003642E-005  0.57370690921613521     
   3.9000000000003658E-005  0.57160931593130482     
   3.9100000000003674E-005  0.56959372213420578     
   3.9200000000003690E-005  0.56764400837118623     
   3.9300000000003706E-005  0.56577266519469871     
   3.9400000000003722E-005  0.56397698546012720     
   3.9500000000003738E-005  0.56225537018705729     
   3.9600000000003754E-005  0.56060389130499122     
   3.9700000000003770E-005  0.55901719256146565     
   3.9800000000003786E-005  0.55749278645195177     
   3.9900000000003802E-005  0.55602119434084551     
   4.0000000000003818E-005  0.55459901196647532     
   4.0100000000003834E-005  0.55323094736330436     
   4.0200000000003850E-005  0.55191294018528703     
   4.0300000000003866E-005  0.55064544026108786     
   4.0400000000003882E-005  0.54942694848434492     
   4.0500000000003898E-005  0.54825415824490908     
   4.0600000000003914E-005  0.54712706751306195     
   4.0700000000003930E-005  0.54604075108332928     
   4.0800000000003946E-005  0.54499467775025856     
   4.0900000000003962E-005  0.54398547102892170     
   4.1000000000003978E-005  0.54300629630064701     
   4.1100000000003994E-005  0.54205614176062178     
   4.1200000000004010E-005  0.54113545011909148     
   4.1300000000004026E-005  0.54024272479964741     
   4.1400000000004042E-005  0.53937644930394613     
   4.1500000000004058E-005  0.53854056255784921     
   4.1600000000004074E-005  0.53773082787092230     
   4.1700000000004090E-005  0.53694699520977440     
   4.1800000000004106E-005  0.53618991060971322     
   4.1900000000004122E-005  0.53545778128826949     
   4.2000000000004138E-005  0.53474874117001270     
   4.2100000000004154E-005  0.53406323753528651     
   4.2200000000004170E-005  0.53340125893565959     
   4.2300000000004186E-005  0.53275969060205974     
   4.2400000000004202E-005  0.53213875886336670     
   4.2500000000004218E-005  0.53153913672065112     
   4.2600000000004234E-005  0.53096175438053750     
   4.2700000000004250E-005  0.53040396121540634     
   4.2800000000004266E-005  0.52986389321578931     
   4.2900000000004282E-005  0.52933862437204504     
   4.3000000000004298E-005  0.52882834558501701     
   4.3100000000004314E-005  0.52833097947779728     
   4.3200000000004330E-005  0.52784828582190557     
   4.3300000000004346E-005  0.52738287752917024     
   4.3400000000004362E-005  0.52693319709784137     
   4.3500000000004378E-005  0.52649677983191367     
   4.3600000000004394E-005  0.52607377916628117     
   4.3700000000004410E-005  0.52566404376077602     
   4.3800000000004426E-005  0.52526722204365373     
   4.3900000000004442E-005  0.52488484531986401     
   4.4000000000004458E-005  0.52451718039055706     
   4.4100000000004474E-005  0.52416155101237483     
   4.4200000000004490E-005  0.52381831455800132     
   4.4300000000004506E-005  0.52348733725868479     
   4.4400000000004522E-005  0.52316844533567897     
   4.4500000000004538E-005  0.52286028467070855     
   4.4600000000004554E-005  0.52256307986660622     
   4.4700000000004570E-005  0.52227563375608022     
   4.4800000000004586E-005  0.52199870403702853     
   4.4900000000004601E-005  0.52173088048640193     
   4.5000000000004617E-005  0.52147207605510515     
   4.5100000000004633E-005  0.52122101212751060     
   4.5200000000004649E-005  0.52097928618785938     
   4.5300000000004665E-005  0.52074665453547353     
   4.5400000000004681E-005  0.52052247964292797     
   4.5500000000004697E-005  0.52030609855480991     
   4.5600000000004713E-005  0.52009769413068418     
   4.5700000000004729E-005  0.51989323559522194     
   4.5800000000004745E-005  0.51969423202490017     
   4.5900000000004761E-005  0.51950006208424615     
   4.6000000000004777E-005  0.51931013819671445     
   4.6100000000004793E-005  0.51912366559320111     
   4.6200000000004809E-005  0.51893986512230583     
   4.6300000000004825E-005  0.51875876607614935     
   4.6400000000004841E-005  0.51858056509814665     
   4.6500000000004857E-005  0.51840580535144587     
   4.6600000000004873E-005  0.51823437756550683     
   4.6700000000004889E-005  0.51806516799451907     
   4.6800000000004905E-005  0.51789811026347188     
   4.6900000000004921E-005  0.51773292101031287     
   4.7000000000004937E-005  0.51756963365925202     
   4.7100000000004953E-005  0.51740777195058629     
   4.7200000000004969E-005  0.51724804169692085     
   4.7300000000004985E-005  0.51709173652062079     
   4.7400000000005001E-005  0.51693759573287568     
   4.7500000000005017E-005  0.51678613235497106     
   4.7600000000005033E-005  0.51663570236753653     
   4.7700000000005049E-005  0.51648531573976708     
   4.7800000000005065E-005  0.51633543895003153     
   4.7900000000005081E-005  0.51618547525004044     
   4.8000000000005097E-005  0.51603409241429132     
   4.8100000000005113E-005  0.51588104048998495     
   4.8200000000005129E-005  0.51572709905519198     
   4.8300000000005145E-005  0.51557341096821963     
   4.8400000000005161E-005  0.51541986627920799     
   4.8500000000005177E-005  0.51526620121954392     
   4.8600000000005193E-005  0.51511248021301759     
   4.8700000000005209E-005  0.51495807113771919     
   4.8800000000005225E-005  0.51480486927922176     
   4.8900000000005241E-005  0.51465329612641431     
   4.9000000000005257E-005  0.51450197967239641     
   4.9100000000005273E-005  0.51435117143933828     
   4.9200000000005289E-005  0.51420036693069038     
   4.9300000000005305E-005  0.51405002472801908     
   4.9400000000005321E-005  0.51389929055619299     
   4.9500000000005337E-005  0.51374819366945901     
   4.9600000000005353E-005  0.51359731184893165     
   4.9700000000005369E-005  0.51344714356376298     
   4.9800000000005385E-005  0.51329746556631350     
   4.9900000000005401E-005  0.51314865817907629     
   5.0000000000005417E-005  0.51299953281746546     
   5.0100000000005433E-005  0.51285064526598201     
   5.0200000000005449E-005  0.51270196640388899     
   5.0300000000005465E-005  0.51255401452486893     
   5.0400000000005481E-005  0.51240633644572309     
   5.0500000000005497E-005  0.51225961407229281     
   5.0600000000005513E-005  0.51211280963680250     
   5.0700000000005529E-005  0.51196477797854167     
   5.0800000000005544E-005  0.51181709403482223     
   5.0900000000005560E-005  0.51167084615944014     
   5.1000000000005576E-005  0.51152591005062975     
   5.1100000000005592E-005  0.51138257600040660     
   5.1200000000005608E-005  0.51124091191001542     
   5.1300000000005624E-005  0.51110057225824024     
   5.1400000000005640E-005  0.51096115613987170     
   5.1500000000005656E-005  0.51082196602785945     
   5.1600000000005672E-005  0.51068336748096743     
   5.1700000000005688E-005  0.51054621388507881     
   5.1800000000005704E-005  0.51041045558394027     
   5.1900000000005720E-005  0.51027637331893738     
   5.2000000000005736E-005  0.51014342163330406     
   5.2100000000005752E-005  0.51001227339951838     
   5.2200000000005768E-005  0.50988284581487942     
   5.2300000000005784E-005  0.50975521753745456     
   5.2400000000005800E-005  0.50962870948933026     
   5.2500000000005816E-005  0.50950192509996306     
   5.2600000000005832E-005  0.50937491825181713     
   5.2700000000005848E-005  0.50924888641866251     
   5.2800000000005864E-005  0.50912415153611479     
   5.2900000000005880E-005  0.50900057946887256     
   5.3000000000005896E-005  0.50887774954986398     
   5.3100000000005912E-005  0.50875441262534671     
   5.3200000000005928E-005  0.50863051919442670     
   5.3300000000005944E-005  0.50850536949581249     
   5.3400000000005960E-005  0.50837992271914390     
   5.3500000000005976E-005  0.50825503110608572     
   5.3600000000005992E-005  0.50813126712473700     
   5.3700000000006008E-005  0.50800827329623766     
   5.3800000000006024E-005  0.50788614493961759     
   5.3900000000006040E-005  0.50776508834874279     
   5.4000000000006056E-005  0.50764463618300570     
   5.4100000000006072E-005  0.50752504756169914     
   5.4200000000006088E-005  0.50740607143431204     
   5.4300000000006104E-005  0.50728710586464165     
   5.4400000000006120E-005  0.50716785345183790     
   5.4500000000006136E-005  0.50704957468271328     
   5.4600000000006152E-005  0.50693314851853921     
   5.4700000000006168E-005  0.50681832440550234     
   5.4800000000006184E-005  0.50670548578627539     
   5.4900000000006200E-005  0.50659535455319404     
   5.5000000000006216E-005  0.50648716218766521     
   5.5100000000006232E-005  0.50638066421944528     
   5.5200000000006248E-005  0.50627507927949722     
   5.5300000000006264E-005  0.50617083520299033     
   5.5400000000006280E-005  0.50606882857164326     
   5.5500000000006296E-005  0.50596953866838623     
   5.5600000000006312E-005  0.50587242943963029     
   5.5700000000006328E-005  0.50577768836131054     
   5.5800000000006344E-005  0.50568572779670673     
   5.5900000000006360E-005  0.50559592804065590     
   5.6000000000006376E-005  0.50550737078815045     
   5.6100000000006392E-005  0.50542012586201457     
   5.6200000000006408E-005  0.50533490466649256     
   5.6300000000006424E-005  0.50525144083126117     
   5.6400000000006440E-005  0.50517007336440045     
   5.6500000000006456E-005  0.50509048908043852     
   5.6600000000006472E-005  0.50501234243409443     
   5.6700000000006488E-005  0.50493654699595247     
   5.6800000000006503E-005  0.50486277326779594     
   5.6900000000006519E-005  0.50479096700935888     
   5.7000000000006535E-005  0.50472029596326085     
   5.7100000000006551E-005  0.50465109731698665     
   5.7200000000006567E-005  0.50458375374718412     
   5.7300000000006583E-005  0.50451855502398402     
   5.7400000000006599E-005  0.50445494068676622     
   5.7500000000006615E-005  0.50439351200870297     
   5.7600000000006631E-005  0.50433421942122392     
   5.7700000000006647E-005  0.50427708921273851     
   5.7800000000006663E-005  0.50422207528759266     
   5.7900000000006679E-005  0.50416936637006837     
   5.8000000000006695E-005  0.50411904561687515     
   5.8100000000006711E-005  0.50407096608130930     
   5.8200000000006727E-005  0.50402513193760068     
   5.8300000000006743E-005  0.50398153985717165     
   5.8400000000006759E-005  0.50394021941307199     
   5.8500000000006775E-005  0.50390061332477731     
   5.8600000000006791E-005  0.50386270529611388     
   5.8700000000006807E-005  0.50382637541116060     
   5.8800000000006823E-005  0.50379156942270054     
   5.8900000000006839E-005  0.50375863316931224     
   5.9000000000006855E-005  0.50372750238152042     
   5.9100000000006871E-005  0.50369829675464295     
   5.9200000000006887E-005  0.50367112116573343     
   5.9300000000006903E-005  0.50364630357172835     
   5.9400000000006919E-005  0.50362379086784459     
   5.9500000000006935E-005  0.50360352488000237     
   5.9600000000006951E-005  0.50358526480747312     
   5.9700000000006967E-005  0.50356902445484852     
   5.9800000000006983E-005  0.50355506855964460     
   5.9900000000006999E-005  0.50354173945143899     
   6.0000000000007015E-005  0.50352893562133538     
   6.0100000000007031E-005  0.50351766098430750     
   6.0200000000007047E-005  0.50350788752310138     
   6.0300000000007063E-005  0.50349923373104744     
   6.0400000000007079E-005  0.50349087391632719     
   6.0500000000007095E-005  0.50348356218066936     
   6.0600000000007111E-005  0.50347694569420898     
   6.0700000000007127E-005  0.50347135761731954     
   6.0800000000007143E-005  0.50346636856584126     
   6.0900000000007159E-005  0.50346180416143083     
   6.1000000000007175E-005  0.50345808122412805     
   6.1100000000007150E-005  0.50345586627410910     
   6.1200000000007098E-005  0.50345474969046955     
   6.1300000000007047E-005  0.50345489876171667     
   6.1400000000006995E-005  0.50345651194952834     
   6.1500000000006943E-005  0.50346001654345252     
   6.1600000000006891E-005  0.50346534317604574     
   6.1700000000006839E-005  0.50347259715508208     
   6.1800000000006788E-005  0.50348120719942691     
   6.1900000000006736E-005  0.50349099137747388     
   6.2000000000006684E-005  0.50350184228129302     
   6.2100000000006632E-005  0.50351402773232412     
   6.2200000000006581E-005  0.50352734985998615     
   6.2300000000006529E-005  0.50354162274780156     
   6.2400000000006477E-005  0.50355649365519173     
   6.2500000000006425E-005  0.50357232192115298     
   6.2600000000006373E-005  0.50358890743108342     
   6.2700000000006322E-005  0.50360595238506456     
   6.2800000000006270E-005  0.50362357056692741     
   6.2900000000006218E-005  0.50364132301552056     
   6.3000000000006166E-005  0.50365857796891567     
   6.3100000000006115E-005  0.50367523009148951     
   6.3200000000006063E-005  0.50369218194484988     
   6.3300000000006011E-005  0.50370983229257982     
   6.3400000000005959E-005  0.50372799257551870     
   6.3500000000005907E-005  0.50374683434541967     
   6.3600000000005856E-005  0.50376625093632288     
   6.3700000000005804E-005  0.50378617079477817     
   6.3800000000005752E-005  0.50380639606113531     
   6.3900000000005700E-005  0.50382710208778481     
   6.4000000000005649E-005  0.50384831412475006     
   6.4100000000005597E-005  0.50386996425898967     
   6.4200000000005545E-005  0.50389176282471981     
   6.4300000000005493E-005  0.50391287000630447     
   6.4400000000005441E-005  0.50393340890018168     
   6.4500000000005390E-005  0.50395396247511126     
   6.4600000000005338E-005  0.50397485127204966     
   6.4700000000005286E-005  0.50399667351420641     
   6.4800000000005234E-005  0.50401897099949033     
   6.4900000000005182E-005  0.50404162463708779     
   6.5000000000005131E-005  0.50406402916523552     
   6.5100000000005079E-005  0.50408640746102662     
   6.5200000000005027E-005  0.50410883083451274     
   6.5300000000004975E-005  0.50413126245489281     
   6.5400000000004924E-005  0.50415333952552055     
   6.5500000000004872E-005  0.50417517792130107     
   6.5600000000004820E-005  0.50419660877001249     
   6.5700000000004768E-005  0.50421810186394300     
   6.5800000000004716E-005  0.50423966210263838     
   6.5900000000004665E-005  0.50426125871092098     
   6.6000000000004613E-005  0.50428245191791965     
   6.6100000000004561E-005  0.50430331710525567     
   6.6200000000004509E-005  0.50432381798866099     
   6.6300000000004458E-005  0.50434361888073176     
   6.6400000000004406E-005  0.50436270660755689     
   6.6500000000004354E-005  0.50438063487233209     
   6.6600000000004302E-005  0.50439844001794076     
   6.6700000000004250E-005  0.50441626733314338     
   6.6800000000004199E-005  0.50443392373244433     
   6.6900000000004147E-005  0.50445077652455095     
   6.7000000000004095E-005  0.50446757433168510     
   6.7100000000004043E-005  0.50448440705513897     
   6.7200000000003992E-005  0.50450171092899376     
   6.7300000000003940E-005  0.50451943496336371     
   6.7400000000003888E-005  0.50453715720681958     
   6.7500000000003836E-005  0.50455484974518616     
   6.7600000000003784E-005  0.50457235007006196     
   6.7700000000003733E-005  0.50458912099355979     
   6.7800000000003681E-005  0.50460514426624858     
   6.7900000000003629E-005  0.50462047772477869     
   6.8000000000003577E-005  0.50463546853506935     
   6.8100000000003526E-005  0.50465028436462267     
   6.8200000000003474E-005  0.50466455122941389     
   6.8300000000003422E-005  0.50467826776173130     
   6.8400000000003370E-005  0.50469155519607445     
   6.8500000000003318E-005  0.50470389567292728     
   6.8600000000003267E-005  0.50471543588335110     
   6.8700000000003215E-005  0.50472634278437134     
   6.8800000000003163E-005  0.50473628380591784     
   6.8900000000003111E-005  0.50474531363872954     
   6.9000000000003060E-005  0.50475367013221717     
   6.9100000000003008E-005  0.50476131296119597     
   6.9200000000002956E-005  0.50476838216460174     
   6.9300000000002904E-005  0.50477495858394061     
   6.9400000000002852E-005  0.50478101396864383     
   6.9500000000002801E-005  0.50478640764124705     
   6.9600000000002749E-005  0.50479132196603893     
   6.9700000000002697E-005  0.50479524380937690     
   6.9800000000002645E-005  0.50479835864908595     
   6.9900000000002594E-005  0.50480078597481637     
   7.0000000000002542E-005  0.50480211786369522     
   7.0100000000002490E-005  0.50480173587799226     
   7.0200000000002438E-005  0.50479964563287316     
   7.0300000000002386E-005  0.50479545346329391     
   7.0400000000002335E-005  0.50478951939033057     
   7.0500000000002283E-005  0.50478228479124765     
   7.0600000000002231E-005  0.50477381533703602     
   7.0700000000002179E-005  0.50476409567004032     
   7.0800000000002128E-005  0.50475333733656824     
   7.0900000000002076E-005  0.50474127650190426     
   7.1000000000002024E-005  0.50472740781208980     
   7.1100000000001972E-005  0.50471172442788947     
   7.1200000000001920E-005  0.50469380915867457     
   7.1300000000001869E-005  0.50467322730992203     
   7.1400000000001817E-005  0.50465045443493428     
   7.1500000000001765E-005  0.50462537520869855     
   7.1600000000001713E-005  0.50459822215875871     
   7.1700000000001661E-005  0.50456885984673638     
   7.1800000000001610E-005  0.50453696464500952     
   7.1900000000001558E-005  0.50450280539345382     
   7.2000000000001506E-005  0.50446628462619225     
   7.2100000000001454E-005  0.50442749011654042     
   7.2200000000001403E-005  0.50438623077070366     
   7.2300000000001351E-005  0.50434283006704261     
   7.2400000000001299E-005  0.50429732199310606     
   7.2500000000001247E-005  0.50424959121210344     
   7.2600000000001195E-005  0.50419946774889368     
   7.2700000000001144E-005  0.50414696415621085     
   7.2800000000001092E-005  0.50409201051020003     
   7.2900000000001040E-005  0.50403472795319415     
   7.3000000000000988E-005  0.50397460971844066     
   7.3100000000000937E-005  0.50391206800546173     
   7.3200000000000885E-005  0.50384723221433880     
   7.3300000000000833E-005  0.50378028054111756     
   7.3400000000000781E-005  0.50371110880055381     
   7.3500000000000729E-005  0.50363917984282491     
   7.3600000000000678E-005  0.50356528009944990     
   7.3700000000000626E-005  0.50348900424137655     
   7.3800000000000574E-005  0.50340993240400700     
   7.3900000000000522E-005  0.50332702585514533     
   7.4000000000000471E-005  0.50324061777549345     
   7.4100000000000419E-005  0.50315151684061055     
   7.4200000000000367E-005  0.50305911674034276     
   7.4300000000000315E-005  0.50296321428902246     
   7.4400000000000263E-005  0.50286392209587638     
   7.4500000000000212E-005  0.50276099146052011     
   7.4600000000000160E-005  0.50265434018678046     
   7.4700000000000108E-005  0.50254386154191144     
   7.4800000000000056E-005  0.50242917554513300     
   7.4900000000000005E-005  0.50231088519058031     
   7.4999999999999953E-005  0.50218888886571544     
   7.5099999999999901E-005  0.50206333223213717     
   7.5199999999999849E-005  0.50193422431764712     
   7.5299999999999797E-005  0.50180137784872614     
   7.5399999999999746E-005  0.50166539622848527     
   7.5499999999999694E-005  0.50152614442653931     
   7.5599999999999642E-005  0.50138360859062658     
   7.5699999999999590E-005  0.50123812701165482     
   7.5799999999999539E-005  0.50108970082617232     
   7.5899999999999487E-005  0.50093829409568458     
   7.5999999999999435E-005  0.50078436384322644     
   7.6099999999999383E-005  0.50062826008027916     
   7.6199999999999331E-005  0.50047006772302916     
   7.6299999999999280E-005  0.50030943910659875     
   7.6399999999999228E-005  0.50014679332467515     
   7.6499999999999176E-005  0.49998203032625166     
   7.6599999999999124E-005  0.49981528221087335     
   7.6699999999999073E-005  0.49964629939104249     
   7.6799999999999021E-005  0.49947550597232454     
   7.6899999999998969E-005  0.49930297642125032     
   7.6999999999998917E-005  0.49912890020070999     
   7.7099999999998865E-005  0.49895333285454019     
   7.7199999999998814E-005  0.49877610204345385     
   7.7299999999998762E-005  0.49859658020768682     
   7.7399999999998710E-005  0.49841538600732405     
   7.7499999999998658E-005  0.49823297032901842     
   7.7599999999998607E-005  0.49804958086894557     
   7.7699999999998555E-005  0.49786536012497684     
   7.7799999999998503E-005  0.49768069065649922     
   7.7899999999998451E-005  0.49749549482626598     
   7.7999999999998399E-005  0.49730923846541336     
   7.8099999999998348E-005  0.49712152213681798     
   7.8199999999998296E-005  0.49693176016034668     
   7.8299999999998244E-005  0.49674019131766151     
   7.8399999999998192E-005  0.49654780832372164     
   7.8499999999998140E-005  0.49635449241576202     
   7.8599999999998089E-005  0.49616035482658039     
   7.8699999999998037E-005  0.49596556121799451     
   7.8799999999997985E-005  0.49577023910651474     
   7.8899999999997933E-005  0.49557462125230478     
   7.8999999999997882E-005  0.49537859299079084     
   7.9099999999997830E-005  0.49518264082609903     
   7.9199999999997778E-005  0.49498675255055785     
   7.9299999999997726E-005  0.49479145447875628     
   7.9399999999997674E-005  0.49459641645125513     
   7.9499999999997623E-005  0.49440179731499523     
   7.9599999999997571E-005  0.49420771153456061     
   7.9699999999997519E-005  0.49401405279517557     
   7.9799999999997467E-005  0.49382114128189158     
   7.9899999999997416E-005  0.49362818958353444     
   7.9999999999997364E-005  0.49343511444936750     
   8.0099999999997312E-005  0.49324209588366819     
   8.0199999999997260E-005  0.49304928222950895     
   8.0299999999997208E-005  0.49285649996459169     
   8.0399999999997157E-005  0.49266429513225923     
   8.0499999999997105E-005  0.49247275099718119     
   8.0599999999997053E-005  0.49228160435653423     
   8.0699999999997001E-005  0.49209129443771094     
   8.0799999999996950E-005  0.49190192373704661     
   8.0899999999996898E-005  0.49171349615976689     
   8.0999999999996846E-005  0.49152578788435264     
   8.1099999999996794E-005  0.49133890129880731     
   8.1199999999996742E-005  0.49115246631934201     
   8.1299999999996691E-005  0.49096706477396457     
   8.1399999999996639E-005  0.49078292687621289     
   8.1499999999996587E-005  0.49059965064926131     
   8.1599999999996535E-005  0.49041726375208977     
   8.1699999999996484E-005  0.49023607662201496     
   8.1799999999996432E-005  0.49005650545137591     
   8.1899999999996380E-005  0.48987794359113435     
   8.1999999999996328E-005  0.48970032367941851     
   8.2099999999996276E-005  0.48952297443552872     
   8.2199999999996225E-005  0.48934587202525737     
   8.2299999999996173E-005  0.48916937302105945     
   8.2399999999996121E-005  0.48899257038658184     
   8.2499999999996069E-005  0.48881666460202861     
   8.2599999999996018E-005  0.48864186979660529     
   8.2699999999995966E-005  0.48846756089733273     
   8.2799999999995914E-005  0.48829322055399471     
   8.2899999999995862E-005  0.48811963213937304     
   8.2999999999995810E-005  0.48794685545197192     
   8.3099999999995759E-005  0.48777503172077713     
   8.3199999999995707E-005  0.48760385164813547     
   8.3299999999995655E-005  0.48743366971634661     
   8.3399999999995603E-005  0.48726378199570175     
   8.3499999999995552E-005  0.48709430546256388     
   8.3599999999995500E-005  0.48692519355235442     
   8.3699999999995448E-005  0.48675677699561093     
   8.3799999999995396E-005  0.48658857238093800     
   8.3899999999995344E-005  0.48642147433016092     
   8.3999999999995293E-005  0.48625572124988636     
   8.4099999999995241E-005  0.48609097977178867     
   8.4199999999995189E-005  0.48592724691567496     
   8.4299999999995137E-005  0.48576492752163541     
   8.4399999999995086E-005  0.48560391072836750     
   8.4499999999995034E-005  0.48544370170544221     
   8.4599999999994982E-005  0.48528377027557035     
   8.4699999999994930E-005  0.48512394957227234     
   8.4799999999994878E-005  0.48496463374983928     
   8.4899999999994827E-005  0.48480640835074218     
   8.4999999999994775E-005  0.48464937016594123     
   8.5099999999994723E-005  0.48449309072800323     
   8.5199999999994671E-005  0.48433751096016114     
   8.5299999999994619E-005  0.48418251616216085     
   8.5399999999994568E-005  0.48402811530170708     
   8.5499999999994516E-005  0.48387366535192577     
   8.5599999999994464E-005  0.48371993233381311     
   8.5699999999994412E-005  0.48356671244352117     
   8.5799999999994361E-005  0.48341403297452401     
   8.5899999999994309E-005  0.48326221155089810     
   8.5999999999994257E-005  0.48311105949639060     
   8.6099999999994205E-005  0.48296078573112289     
   8.6199999999994153E-005  0.48281137333846996     
   8.6299999999994102E-005  0.48266223719668977     
   8.6399999999994050E-005  0.48251349171147878     
   8.6499999999993998E-005  0.48236524340521031     
   8.6599999999993946E-005  0.48221789405774035     
   8.6699999999993895E-005  0.48207152769620543     
   8.6799999999993843E-005  0.48192554465256987     
   8.6899999999993791E-005  0.48178025360463467     
   8.6999999999993739E-005  0.48163532183684610     
   8.7099999999993687E-005  0.48149019329147180     
   8.7199999999993636E-005  0.48134466180105262     
   8.7299999999993584E-005  0.48119977716135098     
   8.7399999999993532E-005  0.48105563446318805     
   8.7499999999993480E-005  0.48091219574572924     
   8.7599999999993429E-005  0.48076907660525497     
   8.7699999999993377E-005  0.48062637744681891     
   8.7799999999993325E-005  0.48048396819594869     
   8.7899999999993273E-005  0.48034213473704113     
   8.7999999999993221E-005  0.48020098140846029     
   8.8099999999993170E-005  0.48006057338375607     
   8.8199999999993118E-005  0.47992065040217824     
   8.8299999999993066E-005  0.47978111267949675     
   8.8399999999993014E-005  0.47964204040379482     
   8.8499999999992963E-005  0.47950321412865721     
   8.8599999999992911E-005  0.47936448994824665     
   8.8699999999992859E-005  0.47922610848982866     
   8.8799999999992807E-005  0.47908822337410051     
   8.8899999999992755E-005  0.47895091132804873     
   8.8999999999992704E-005  0.47881381862104355     
   8.9099999999992652E-005  0.47867696409971860     
   8.9199999999992600E-005  0.47854026400416616     
   8.9299999999992548E-005  0.47840406368552996     
   8.9399999999992497E-005  0.47826821737747888     
   8.9499999999992445E-005  0.47813286816442019     
   8.9599999999992393E-005  0.47799755608656130     
   8.9699999999992341E-005  0.47786207096185113     
   8.9799999999992289E-005  0.47772641433337354     
   8.9899999999992238E-005  0.47759072237770445     
   8.9999999999992186E-005  0.47745478576571915     
   9.0099999999992134E-005  0.47731865522319050     
   9.0199999999992082E-005  0.47718247261050045     
   9.0299999999992031E-005  0.47704635309955107     
   9.0399999999991979E-005  0.47691030953345243     
   9.0499999999991927E-005  0.47677427075946333     
   9.0599999999991875E-005  0.47663833019853219     
   9.0699999999991823E-005  0.47650255265910624     
   9.0799999999991772E-005  0.47636653213554714     
   9.0899999999991720E-005  0.47622992143014692     
   9.0999999999991668E-005  0.47609294551407788     
   9.1099999999991616E-005  0.47595562933580654     
   9.1199999999991565E-005  0.47581820722154788     
   9.1299999999991513E-005  0.47567949284373923     
   9.1399999999991461E-005  0.47554021908252964     
   9.1499999999991409E-005  0.47540054129480902     
   9.1599999999991357E-005  0.47526034476688556     
   9.1699999999991306E-005  0.47511970089633015     
   9.1799999999991254E-005  0.47497806507744028     
   9.1899999999991202E-005  0.47483570088130966     
   9.1999999999991150E-005  0.47469255021574874     
   9.2099999999991098E-005  0.47454892920287678     
   9.2199999999991047E-005  0.47440476607478099     
   9.2299999999990995E-005  0.47425994726825593     
   9.2399999999990943E-005  0.47411447500571335     
   9.2499999999990891E-005  0.47396834373744751     
   9.2599999999990840E-005  0.47382195441722169     
   9.2699999999990788E-005  0.47367562296825994     
   9.2799999999990736E-005  0.47352958359836861     
   9.2899999999990684E-005  0.47338344681425110     
   9.2999999999990632E-005  0.47323720501167016     
   9.3099999999990581E-005  0.47309092239132261     
   9.3199999999990529E-005  0.47294488587469707     
   9.3299999999990477E-005  0.47279908296168166     
   9.3399999999990425E-005  0.47265338127890083     
   9.3499999999990374E-005  0.47250788151318268     
   9.3599999999990322E-005  0.47236299398397091     
   9.3699999999990270E-005  0.47221859565972979     
   9.3799999999990218E-005  0.47207448730740581     
   9.3899999999990166E-005  0.47193073696378907     
   9.3999999999990115E-005  0.47178720231565469     
   9.4099999999990063E-005  0.47164356416862391     
   9.4199999999990011E-005  0.47150014268776896     
   9.4299999999989959E-005  0.47135691360237175     
   9.4399999999989908E-005  0.47121394060935962     
   9.4499999999989856E-005  0.47107143965409737     
   9.4599999999989804E-005  0.47092894982167338     
   9.4699999999989752E-005  0.47078620352702955     
   9.4799999999989700E-005  0.47064338095138486     
   9.4899999999989649E-005  0.47050065706040251     
   9.4999999999989597E-005  0.47035857675243808     
   9.5099999999989545E-005  0.47021708681927027     
   9.5199999999989493E-005  0.47007626345271492     
   9.5299999999989442E-005  0.46993598468001524     
   9.5399999999989390E-005  0.46979536968031671     
   9.5499999999989338E-005  0.46965454106825255     
   9.5599999999989286E-005  0.46951414690261867     
   9.5699999999989234E-005  0.46937427353407396     
   9.5799999999989183E-005  0.46923519737919389     
   9.5899999999989131E-005  0.46909671407695397     
   9.5999999999989079E-005  0.46895875498586265     
   9.6099999999989027E-005  0.46882123851562124     
   9.6199999999988976E-005  0.46868403653470897     
   9.6299999999988924E-005  0.46854708948958290     
   9.6399999999988872E-005  0.46841064198110816     
   9.6499999999988820E-005  0.46827469691957768     
   9.6599999999988768E-005  0.46813928618036343     
   9.6699999999988717E-005  0.46800409813915134     
   9.6799999999988665E-005  0.46786866282303297     
   9.6899999999988613E-005  0.46773271443042147     
   9.6999999999988561E-005  0.46759687467952010     
   9.7099999999988510E-005  0.46746095945259719     
   9.7199999999988458E-005  0.46732527895329679     
   9.7299999999988406E-005  0.46719042400458316     
   9.7399999999988354E-005  0.46705646140235724     
   9.7499999999988302E-005  0.46692339761493556     
   9.7599999999988251E-005  0.46679120184508777     
   9.7699999999988199E-005  0.46665977180915891     
   9.7799999999988147E-005  0.46652876122026737     
   9.7899999999988095E-005  0.46639824781394884     
   9.7999999999988044E-005  0.46626792936545192     
   9.8099999999987992E-005  0.46613819544245505     
   9.8199999999987940E-005  0.46600890776618531     
   9.8299999999987888E-005  0.46588040785804502     
   9.8399999999987836E-005  0.46575257604178472     
   9.8499999999987785E-005  0.46562545347203416     
   9.8599999999987733E-005  0.46549921430314661     
   9.8699999999987681E-005  0.46537386384405000     
   9.8799999999987629E-005  0.46524934214615699     
   9.8899999999987577E-005  0.46512569755720579     
   9.8999999999987526E-005  0.46500301899419461     
   9.9099999999987474E-005  0.46488130975556452     
   9.9199999999987422E-005  0.46476035136273397     
   9.9299999999987370E-005  0.46464035915606722     
   9.9399999999987319E-005  0.46452128081235200     
   9.9499999999987267E-005  0.46440310858702527     
   9.9599999999987215E-005  0.46428553554123186     
   9.9699999999987163E-005  0.46416882458852893     
   9.9799999999987111E-005  0.46405338225781823     
   9.9899999999987060E-005  0.46393879481156547     
   9.9999999999987008E-005  0.46382474102300369     
   1.0009999999998696E-004  0.46371134451198581     
   1.0019999999998690E-004  0.46359873229947091     
   1.0029999999998685E-004  0.46348683708988342     
   1.0039999999998680E-004  0.46337564308071644     
   1.0049999999998675E-004  0.46326484282880537     
   1.0059999999998670E-004  0.46315451918112122     
   1.0069999999998665E-004  0.46304462599052382     
   1.0079999999998659E-004  0.46293521620616179     
   1.0089999999998654E-004  0.46282602381970933     
   1.0099999999998649E-004  0.46271717549957936     
   1.0109999999998644E-004  0.46260866016693558     
   1.0119999999998639E-004  0.46250056523959926     
   1.0129999999998633E-004  0.46239282172252150     
   1.0139999999998628E-004  0.46228562648056537     
   1.0149999999998623E-004  0.46217892008490030     
   1.0159999999998618E-004  0.46207285364832135     
   1.0169999999998613E-004  0.46196744077875429     
   1.0179999999998608E-004  0.46186267426431593     
   1.0189999999998602E-004  0.46175801144913586     
   1.0199999999998597E-004  0.46165370028435926     
   1.0209999999998592E-004  0.46154998479786385     
   1.0219999999998587E-004  0.46144679788743787     
   1.0229999999998582E-004  0.46134400694354000     
   1.0239999999998577E-004  0.46124184796714846     
   1.0249999999998571E-004  0.46114059019892539     
   1.0259999999998566E-004  0.46103974789465718     
   1.0269999999998561E-004  0.46093987819122656     
   1.0279999999998556E-004  0.46084099041376658     
   1.0289999999998551E-004  0.46074285543665872     
   1.0299999999998545E-004  0.46064548528582450     
   1.0309999999998540E-004  0.46054884582079730     
   1.0319999999998535E-004  0.46045233855310075     
   1.0329999999998530E-004  0.46035663595415927     
   1.0339999999998525E-004  0.46026190187115518     
   1.0349999999998520E-004  0.46016784798180221     
   1.0359999999998514E-004  0.46007418187516963     
   1.0369999999998509E-004  0.45998107154915174     
   1.0379999999998504E-004  0.45988854870033824     
   1.0389999999998499E-004  0.45979681757275942     
   1.0399999999998494E-004  0.45970588629762954     
   1.0409999999998488E-004  0.45961583010015589     
   1.0419999999998483E-004  0.45952688017243287     
   1.0429999999998478E-004  0.45943904652154682     
   1.0439999999998473E-004  0.45935215821519287     
   1.0449999999998468E-004  0.45926633090488683     
   1.0459999999998463E-004  0.45918128268569208     
   1.0469999999998457E-004  0.45909703011130643     
   1.0479999999998452E-004  0.45901370856992274     
   1.0489999999998447E-004  0.45893124739287716     
   1.0499999999998442E-004  0.45884969505910150     
   1.0509999999998437E-004  0.45876915597787421     
   1.0519999999998432E-004  0.45868938836665202     
   1.0529999999998426E-004  0.45861068449620734     
   1.0539999999998421E-004  0.45853304298781344     
   1.0549999999998416E-004  0.45845616019928831     
   1.0559999999998411E-004  0.45838002736173150     
   1.0569999999998406E-004  0.45830462609030403     
   1.0579999999998400E-004  0.45823016297433600     
   1.0589999999998395E-004  0.45815629583411877     
   1.0599999999998390E-004  0.45808327950240940     
   1.0609999999998385E-004  0.45801124511036534     
   1.0619999999998380E-004  0.45794033939394502     
   1.0629999999998375E-004  0.45787048085858972     
   1.0639999999998369E-004  0.45780159281125804     
   1.0649999999998364E-004  0.45773360206613806     
   1.0659999999998359E-004  0.45766660709692003     
   1.0669999999998354E-004  0.45760027793801650     
   1.0679999999998349E-004  0.45753501905675426     
   1.0689999999998344E-004  0.45747065100455037     
   1.0699999999998338E-004  0.45740716676933080     
   1.0709999999998333E-004  0.45734451272356391     
   1.0719999999998328E-004  0.45728268523754229     
   1.0729999999998323E-004  0.45722159304471011     
   1.0739999999998318E-004  0.45716113003799264     
   1.0749999999998312E-004  0.45710155403876057     
   1.0759999999998307E-004  0.45704262578137028     
   1.0769999999998302E-004  0.45698438807009512     
   1.0779999999998297E-004  0.45692704220480190     
   1.0789999999998292E-004  0.45687056490786565     
   1.0799999999998287E-004  0.45681521264439434     
   1.0809999999998281E-004  0.45676055639164920     
   1.0819999999998276E-004  0.45670679219156557     
   1.0829999999998271E-004  0.45665399456322864     
   1.0839999999998266E-004  0.45660198234307653     
   1.0849999999998261E-004  0.45655046448438436     
   1.0859999999998255E-004  0.45649964180147923     
   1.0869999999998250E-004  0.45644938376002553     
   1.0879999999998245E-004  0.45639990192245106     
   1.0889999999998240E-004  0.45635124763516777     
   1.0899999999998235E-004  0.45630307269176401     
   1.0909999999998230E-004  0.45625561820726424     
   1.0919999999998224E-004  0.45620885989380972     
   1.0929999999998219E-004  0.45616277583271803     
   1.0939999999998214E-004  0.45611710814583173     
   1.0949999999998209E-004  0.45607196643050996     
   1.0959999999998204E-004  0.45602718213171523     
   1.0969999999998199E-004  0.45598260727662521     
   1.0979999999998193E-004  0.45593873295606846     
   1.0989999999998188E-004  0.45589553747080697     
   1.0999999999998183E-004  0.45585295950195293     
   1.1009999999998178E-004  0.45581096319673825     
   1.1019999999998173E-004  0.45576924248782363     
   1.1029999999998167E-004  0.45572811199338392     
   1.1039999999998162E-004  0.45568748115163155     
   1.1049999999998157E-004  0.45564719831337935     
   1.1059999999998152E-004  0.45560722699642453     
   1.1069999999998147E-004  0.45556769635255617     
   1.1079999999998142E-004  0.45552856682694792     
   1.1089999999998136E-004  0.45549002120133325     
   1.1099999999998131E-004  0.45545203495580533     
   1.1109999999998126E-004  0.45541469755678538     
   1.1119999999998121E-004  0.45537758917032595     
   1.1129999999998116E-004  0.45534068263561306     
   1.1139999999998111E-004  0.45530399377906500     
   1.1149999999998105E-004  0.45526742239395224     
   1.1159999999998100E-004  0.45523094788423990     
   1.1169999999998095E-004  0.45519478510765143     
   1.1179999999998090E-004  0.45515880152219984     
   1.1189999999998085E-004  0.45512315255147689     
   1.1199999999998079E-004  0.45508768530720078     
   1.1209999999998074E-004  0.45505242935503887     
   1.1219999999998069E-004  0.45501745674046246     
   1.1229999999998064E-004  0.45498284384282162     
   1.1239999999998059E-004  0.45494852712764144     
   1.1249999999998054E-004  0.45491464183470576     
   1.1259999999998048E-004  0.45488083191875761     
   1.1269999999998043E-004  0.45484714248784924     
   1.1279999999998038E-004  0.45481368345718243     
   1.1289999999998033E-004  0.45478053235183025     
   1.1299999999998028E-004  0.45474753473970436     
   1.1309999999998022E-004  0.45471479281616839     
   1.1319999999998017E-004  0.45468225535942502     
   1.1329999999998012E-004  0.45464983351083954     
   1.1339999999998007E-004  0.45461754493521467     
   1.1349999999998002E-004  0.45458519677258324     
   1.1359999999997997E-004  0.45455302364359401     
   1.1369999999997991E-004  0.45452096254714591     
   1.1379999999997986E-004  0.45448898989449610     
   1.1389999999997981E-004  0.45445690833481378     
   1.1399999999997976E-004  0.45442466629644351     
   1.1409999999997971E-004  0.45439179011391678     
   1.1419999999997966E-004  0.45435843514565627     
   1.1429999999997960E-004  0.45432505484432500     
   1.1439999999997955E-004  0.45429191153214676     
   1.1449999999997950E-004  0.45425895066822752     
   1.1459999999997945E-004  0.45422594501872882     
   1.1469999999997940E-004  0.45419250376001291     
   1.1479999999997934E-004  0.45415881241241518     
   1.1489999999997929E-004  0.45412520843039361     
   1.1499999999997924E-004  0.45409181762037665     
   1.1509999999997919E-004  0.45405864902041437     
   1.1519999999997914E-004  0.45402563317274008     
   1.1529999999997909E-004  0.45399284877147833     
   1.1539999999997903E-004  0.45396015885208191     
   1.1549999999997898E-004  0.45392731556284027     
   1.1559999999997893E-004  0.45389446274435896     
   1.1569999999997888E-004  0.45386183415033315     
   1.1579999999997883E-004  0.45382942927893516     
   1.1589999999997877E-004  0.45379718332826957     
   1.1599999999997872E-004  0.45376499781993823     
   1.1609999999997867E-004  0.45373305419472459     
   1.1619999999997862E-004  0.45370136863764532     
   1.1629999999997857E-004  0.45366978573274064     
   1.1639999999997852E-004  0.45363821759243567     
   1.1649999999997846E-004  0.45360665743326151     
   1.1659999999997841E-004  0.45357498376556427     
   1.1669999999997836E-004  0.45354283286680702     
   1.1679999999997831E-004  0.45350987615014599     
   1.1689999999997826E-004  0.45347621532440235     
   1.1699999999997821E-004  0.45344102989984014     
   1.1709999999997815E-004  0.45340532099769465     
   1.1719999999997810E-004  0.45336961122755498     
   1.1729999999997805E-004  0.45333403323769628     
   1.1739999999997800E-004  0.45329864622436522     
   1.1749999999997795E-004  0.45326350410693717     
   1.1759999999997789E-004  0.45322852834606564     
   1.1769999999997784E-004  0.45319388102657754     
   1.1779999999997779E-004  0.45315941796891140     
   1.1789999999997774E-004  0.45312515072288440     
   1.1799999999997769E-004  0.45309098493738781     
   1.1809999999997764E-004  0.45305673394478801     
   1.1819999999997758E-004  0.45302259973065501     
   1.1829999999997753E-004  0.45298869131108971     
   1.1839999999997748E-004  0.45295505872250402     
   1.1849999999997743E-004  0.45292146103861242     
   1.1859999999997738E-004  0.45288781916304033     
   1.1869999999997733E-004  0.45285438894391478     
   1.1879999999997727E-004  0.45282108660486631     
   1.1889999999997722E-004  0.45278782407620316     
   1.1899999999997717E-004  0.45275461324345345     
   1.1909999999997712E-004  0.45272144536951753     
   1.1919999999997707E-004  0.45268832934134229     
   1.1929999999997701E-004  0.45265512805840213     
   1.1939999999997696E-004  0.45262205120813920     
   1.1949999999997691E-004  0.45258899901710259     
   1.1959999999997686E-004  0.45255607767019657     
   1.1969999999997681E-004  0.45252318052882334     
   1.1979999999997676E-004  0.45249023616519857     
   1.1989999999997670E-004  0.45245728497785304     
   1.1999999999997665E-004  0.45242434605225967     
