# RMS shrinking factor for the case B1Ra9CT10
   1.0999999999999998E-007  0.99999915354211744     
   2.1000000000000008E-007  0.99999828608768315     
   3.1000000000000016E-007  0.99999739728532899     
   4.1000000000000026E-007  0.99999648678856834     
   5.1000000000000031E-007  0.99999555424802089     
   6.1000000000000041E-007  0.99999459931155166     
   7.1000000000000051E-007  0.99999362162428185     
   8.1000000000000061E-007  0.99999272040000420     
   9.1000000000000071E-007  0.99999270772823823     
   1.0100000000000003E-006  0.99999269444561389     
   1.1099999999999993E-006  0.99999268086883197     
   1.2099999999999984E-006  0.99999266698311895     
   1.3099999999999974E-006  0.99999265278146054     
   1.4099999999999965E-006  0.99999263825816953     
   1.5099999999999955E-006  0.99999262340796269     
   1.6099999999999945E-006  0.99999260822569425     
   1.7099999999999936E-006  0.99999138379702335     
   1.8099999999999926E-006  0.99999013263598768     
   1.9099999999999919E-006  0.99998885427623485     
   2.0099999999999909E-006  0.99998754832591530     
   2.1099999999999900E-006  0.99998621439018620     
   2.2099999999999890E-006  0.99998485207239507     
   2.3099999999999880E-006  0.99998346097358370     
   2.4099999999999871E-006  0.99998204069228136     
   2.5099999999999861E-006  0.99998187691269180     
   2.6099999999999852E-006  0.99998185400484074     
   2.7099999999999842E-006  0.99998183068536894     
   2.8099999999999833E-006  0.99998180690349414     
   2.9099999999999823E-006  0.99998178264419713     
   3.0099999999999813E-006  0.99998175789773780     
   3.1099999999999804E-006  0.99998173265597723     
   3.2099999999999794E-006  0.99998170691140098     
   3.3099999999999785E-006  0.99998016941730095     
   3.4099999999999775E-006  0.99997843239937578     
   3.5099999999999766E-006  0.99997666156792253     
   3.6099999999999756E-006  0.99997485648757378     
   3.7099999999999746E-006  0.99997301671768424     
   3.8099999999999737E-006  0.99997114181660440     
   3.9099999999999727E-006  0.99996923133979021     
   4.0099999999999718E-006  0.99996728484001074     
   4.1099999999999708E-006  0.99996686151950642     
   4.2099999999999699E-006  0.99996682360560418     
   4.3099999999999689E-006  0.99996678508441794     
   4.4099999999999679E-006  0.99996674587182977     
   4.5099999999999670E-006  0.99996670594724235     
   4.6099999999999660E-006  0.99996666529767486     
   4.7099999999999651E-006  0.99996662391231905     
   4.8099999999999641E-006  0.99996658178117637     
   4.9099999999999632E-006  0.99996496174641480     
   5.0099999999999622E-006  0.99996263142524255     
   5.1099999999999612E-006  0.99996025999885729     
   5.2099999999999603E-006  0.99995784701890256     
   5.3099999999999593E-006  0.99995539200419981     
   5.4099999999999584E-006  0.99995289447177715     
   5.5099999999999574E-006  0.99995035393632881     
   5.6099999999999565E-006  0.99994776990999323     
   5.7099999999999555E-006  0.99994668901587980     
   5.8099999999999545E-006  0.99994662914783872     
   5.9099999999999536E-006  0.99994656851160768     
   6.0099999999999526E-006  0.99994650688252118     
   6.1099999999999517E-006  0.99994644423202217     
   6.2099999999999507E-006  0.99994638054335472     
   6.3099999999999498E-006  0.99994631580266535     
   6.4099999999999488E-006  0.99994624999720028     
   6.5099999999999478E-006  0.99994442254431981     
   6.6099999999999469E-006  0.99994138338871330     
   6.7099999999999459E-006  0.99993829525003053     
   6.8099999999999450E-006  0.99993515768363295     
   6.9099999999999440E-006  0.99993197016117030     
   7.0099999999999430E-006  0.99992873215519928     
   7.1099999999999421E-006  0.99992544313742382     
   7.2099999999999411E-006  0.99992210257780445     
   7.3099999999999402E-006  0.99992036832357722     
   7.4099999999999392E-006  0.99992027820280005     
   7.5099999999999383E-006  0.99992018664100846     
   7.6099999999999373E-006  0.99992009369656598     
   7.7099999999999363E-006  0.99991999933341269     
   7.8099999999999354E-006  0.99991990353094895     
   7.9099999999999344E-006  0.99991980627201238     
   8.0099999999999335E-006  0.99991970754057957     
   8.1099999999999325E-006  0.99991810789258750     
   8.2099999999999316E-006  0.99991422026184806     
   8.3099999999999306E-006  0.99991027481112660     
   8.4099999999999296E-006  0.99990627124710729     
   8.5099999999999287E-006  0.99990220906752492     
   8.6099999999999277E-006  0.99989808858163010     
   8.7099999999999268E-006  0.99989390849093640     
   8.8099999999999258E-006  0.99988966801524271     
   8.9099999999999249E-006  0.99988662354487767     
   9.0099999999999239E-006  0.99988649218889625     
   9.1099999999999229E-006  0.99988635809391857     
   9.2099999999999220E-006  0.99988622212987166     
   9.3099999999999210E-006  0.99988608424533709     
   9.4099999999999201E-006  0.99988594441454248     
   9.5099999999999191E-006  0.99988580261633209     
   9.6099999999999182E-006  0.99988565883094893     
   9.7099999999999172E-006  0.99988410077932466     
   9.8099999999999162E-006  0.99987919791573421     
   9.9099999999999153E-006  0.99987422925796043     
   1.0009999999999914E-005  0.99986919159989918     
   1.0109999999999913E-005  0.99986408451380204     
   1.0209999999999912E-005  0.99985890790025866     
   1.0309999999999911E-005  0.99985366161882860     
   1.0409999999999910E-005  0.99984834505472264     
   1.0509999999999910E-005  0.99984400525588746     
   1.0609999999999909E-005  0.99984381474188855     
   1.0709999999999908E-005  0.99984362332089305     
   1.0809999999999907E-005  0.99984342941635640     
   1.0909999999999906E-005  0.99984323296108490     
   1.1009999999999905E-005  0.99984303392401608     
   1.1109999999999904E-005  0.99984283227964676     
   1.1209999999999903E-005  0.99984262800398360     
   1.1309999999999902E-005  0.99984184200847159     
   1.1409999999999901E-005  0.99983576543077246     
   1.1509999999999900E-005  0.99982961498978540     
   1.1609999999999899E-005  0.99982338646359503     
   1.1709999999999898E-005  0.99981707971259470     
   1.1809999999999897E-005  0.99981069399627920     
   1.1909999999999896E-005  0.99980422822617299     
   1.2009999999999895E-005  0.99979768173928263     
   1.2109999999999894E-005  0.99979105387345790     
   1.2209999999999893E-005  0.99979079118007630     
   1.2309999999999892E-005  0.99979052467093799     
   1.2409999999999891E-005  0.99979025495206719     
   1.2509999999999890E-005  0.99978998191536461     
   1.2609999999999889E-005  0.99978970552246049     
   1.2709999999999888E-005  0.99978942574276874     
   1.2809999999999888E-005  0.99978914254751172     
   1.2909999999999887E-005  0.99978885590846456     
   1.3009999999999886E-005  0.99978144730377894     
   1.3109999999999885E-005  0.99977395194086838     
   1.3209999999999884E-005  0.99976636785956285     
   1.3309999999999883E-005  0.99975869529530215     
   1.3409999999999882E-005  0.99975093236930623     
   1.3509999999999881E-005  0.99974307862383327     
   1.3609999999999880E-005  0.99973513463920560     
   1.3709999999999879E-005  0.99972709823346673     
   1.3809999999999878E-005  0.99972596738415809     
   1.3909999999999877E-005  0.99972560470970628     
   1.4009999999999876E-005  0.99972523795372759     
   1.4109999999999875E-005  0.99972486696187501     
   1.4209999999999874E-005  0.99972449168904109     
   1.4309999999999873E-005  0.99972411209950895     
   1.4409999999999872E-005  0.99972372815941568     
   1.4509999999999871E-005  0.99972333983538764     
   1.4609999999999870E-005  0.99971610709654313     
   1.4709999999999869E-005  0.99970707507494772     
   1.4809999999999868E-005  0.99969794506042875     
   1.4909999999999867E-005  0.99968871421408723     
   1.5009999999999866E-005  0.99967938123085331     
   1.5109999999999865E-005  0.99966994604528137     
   1.5209999999999865E-005  0.99966040755323615     
   1.5309999999999872E-005  0.99965076473513581     
   1.5409999999999888E-005  0.99964751559840026     
   1.5509999999999904E-005  0.99964702951671058     
   1.5609999999999920E-005  0.99964653844230655     
   1.5709999999999936E-005  0.99964604202339002     
   1.5809999999999952E-005  0.99964554020452168     
   1.5909999999999968E-005  0.99964503294405394     
   1.6009999999999984E-005  0.99964452020246031     
   1.6110000000000000E-005  0.99964400194057590     
   1.6210000000000016E-005  0.99963638197991622     
   1.6310000000000032E-005  0.99962562598181959     
   1.6410000000000048E-005  0.99961475782017195     
   1.6510000000000064E-005  0.99960377587469307     
   1.6610000000000080E-005  0.99959267926992201     
   1.6710000000000096E-005  0.99958146735269293     
   1.6810000000000112E-005  0.99957013928618055     
   1.6910000000000128E-005  0.99955869385098517     
   1.7010000000000144E-005  0.99955370488685213     
   1.7110000000000160E-005  0.99955306515165521     
   1.7210000000000176E-005  0.99955241950458729     
   1.7310000000000192E-005  0.99955176721118444     
   1.7410000000000208E-005  0.99955110820686377     
   1.7510000000000224E-005  0.99955044244415125     
   1.7610000000000240E-005  0.99954976987752431     
   1.7710000000000256E-005  0.99954909046154550     
   1.7810000000000272E-005  0.99954246851663275     
   1.7910000000000288E-005  0.99952981187742451     
   1.8010000000000304E-005  0.99951703044273454     
   1.8110000000000320E-005  0.99950412265934563     
   1.8210000000000336E-005  0.99949108771055772     
   1.8310000000000352E-005  0.99947792500918031     
   1.8410000000000368E-005  0.99946463312251665     
   1.8510000000000384E-005  0.99945121164192441     
   1.8610000000000399E-005  0.99944276961984702     
   1.8710000000000415E-005  0.99944193933578851     
   1.8810000000000431E-005  0.99944110248264084     
   1.8910000000000447E-005  0.99944025744959297     
   1.9010000000000463E-005  0.99943940415665866     
   1.9110000000000479E-005  0.99943854255166653     
   1.9210000000000495E-005  0.99943767258488603     
   1.9310000000000511E-005  0.99943679420669307     
   1.9410000000000527E-005  0.99943037464422979     
   1.9510000000000543E-005  0.99941556301862089     
   1.9610000000000559E-005  0.99940060963955568     
   1.9710000000000575E-005  0.99938551567811384     
   1.9810000000000591E-005  0.99937028098721559     
   1.9910000000000607E-005  0.99935490797485815     
   2.0010000000000623E-005  0.99933939264937521     
   2.0110000000000639E-005  0.99932373385980688     
   2.0210000000000655E-005  0.99931236883563113     
   2.0310000000000671E-005  0.99931131036708132     
   2.0410000000000687E-005  0.99931023747746417     
   2.0510000000000703E-005  0.99930915463713865     
   2.0610000000000719E-005  0.99930806174613918     
   2.0710000000000735E-005  0.99930695874394571     
   2.0810000000000751E-005  0.99930584557176749     
   2.0910000000000767E-005  0.99930472217486133     
   2.1010000000000783E-005  0.99930039886350686     
   2.1110000000000799E-005  0.99928324914920608     
   2.1210000000000815E-005  0.99926593809947040     
   2.1310000000000831E-005  0.99924847265330452     
   2.1410000000000847E-005  0.99923085456493055     
   2.1510000000000863E-005  0.99921308350819360     
   2.1610000000000879E-005  0.99919515517708557     
   2.1710000000000895E-005  0.99917707066788020     
   2.1810000000000911E-005  0.99916051489180668     
   2.1910000000000927E-005  0.99915918078359278     
   2.2010000000000943E-005  0.99915782257308405     
   2.2110000000000959E-005  0.99915645238553463     
   2.2210000000000975E-005  0.99915507007236082     
   2.2310000000000991E-005  0.99915367556574419     
   2.2410000000001007E-005  0.99915226880005947     
   2.2510000000001023E-005  0.99915084970817436     
   2.2610000000001039E-005  0.99914761236506255     
   2.2710000000001055E-005  0.99912789204118679     
   2.2810000000001071E-005  0.99910801872575328     
   2.2910000000001087E-005  0.99908797597766885     
   2.3010000000001103E-005  0.99906776381559692     
   2.3110000000001119E-005  0.99904738284226835     
   2.3210000000001135E-005  0.99902683098521072     
   2.3310000000001151E-005  0.99900610861699313     
   2.3410000000001167E-005  0.99898521549340646     
   2.3510000000001183E-005  0.99898353521192818     
   2.3610000000001199E-005  0.99898183856290979     
   2.3710000000001215E-005  0.99898012781414458     
   2.3810000000001231E-005  0.99897840277424654     
   2.3910000000001247E-005  0.99897666332056578     
   2.4010000000001263E-005  0.99897490931794397     
   2.4110000000001279E-005  0.99897314062766429     
   2.4210000000001295E-005  0.99897135717076724     
   2.4310000000001311E-005  0.99895096551333695     
   2.4410000000001327E-005  0.99892833625072186     
   2.4510000000001343E-005  0.99890552467669547     
   2.4610000000001358E-005  0.99888253443181063     
   2.4710000000001374E-005  0.99885936406833831     
   2.4810000000001390E-005  0.99883600739113443     
   2.4910000000001406E-005  0.99881246684547442     
   2.5010000000001422E-005  0.99878874136883355     
   2.5110000000001438E-005  0.99878230922500144     
   2.5210000000001454E-005  0.99878020976773307     
   2.5310000000001470E-005  0.99877809359422165     
   2.5410000000001486E-005  0.99877596028910820     
   2.5510000000001502E-005  0.99877380977097163     
   2.5610000000001518E-005  0.99877164195854184     
   2.5710000000001534E-005  0.99876945676092732     
   2.5810000000001550E-005  0.99876725407081313     
   2.5910000000001566E-005  0.99874645451112276     
   2.6010000000001582E-005  0.99872082963343056     
   2.6110000000001598E-005  0.99869500574520154     
   2.6210000000001614E-005  0.99866898764363066     
   2.6310000000001630E-005  0.99864277405441693     
   2.6410000000001646E-005  0.99861636251885366     
   2.6510000000001662E-005  0.99858975347671897     
   2.6610000000001678E-005  0.99856294651386557     
   2.6710000000001694E-005  0.99855307286418449     
   2.6810000000001710E-005  0.99855049056421963     
   2.6910000000001726E-005  0.99854788884079893     
   2.7010000000001742E-005  0.99854526703651314     
   2.7110000000001758E-005  0.99854262508437275     
   2.7210000000001774E-005  0.99853996293787040     
   2.7310000000001790E-005  0.99853728052899082     
   2.7410000000001806E-005  0.99853457761044617     
   2.7510000000001822E-005  0.99851624353894619     
   2.7610000000001838E-005  0.99848732578818267     
   2.7710000000001854E-005  0.99845818949652099     
   2.7810000000001870E-005  0.99842883781299163     
   2.7910000000001886E-005  0.99839927429192610     
   2.8010000000001902E-005  0.99836950127628887     
   2.8110000000001918E-005  0.99833951759387973     
   2.8210000000001934E-005  0.99830931276701973     
   2.8310000000001950E-005  0.99829256282063850     
   2.8410000000001966E-005  0.99828941638781699     
   2.8510000000001982E-005  0.99828624377822417     
   2.8610000000001998E-005  0.99828304751934538     
   2.8710000000002014E-005  0.99827982750553124     
   2.8810000000002030E-005  0.99827658364599148     
   2.8910000000002046E-005  0.99827331584108436     
   2.9010000000002062E-005  0.99827002398528097     
   2.9110000000002078E-005  0.99825224396613255     
   2.9210000000002094E-005  0.99821980566741086     
   2.9310000000002110E-005  0.99818714564224709     
   2.9410000000002126E-005  0.99815425664162449     
   2.9510000000002142E-005  0.99812114359945869     
   2.9610000000002158E-005  0.99808779938301451     
   2.9710000000002174E-005  0.99805422167675384     
   2.9810000000002190E-005  0.99802041447095302     
   2.9910000000002206E-005  0.99799851564844133     
   3.0010000000002222E-005  0.99799470332652951     
   3.0110000000002238E-005  0.99799086748713106     
   3.0210000000002254E-005  0.99798700436443954     
   3.0310000000002270E-005  0.99798311384684013     
   3.0410000000002286E-005  0.99797919568152327     
   3.0510000000002302E-005  0.99797524969738405     
   3.0610000000002317E-005  0.99797127579220335     
   3.0710000000002333E-005  0.99795769695949321     
   3.0810000000002349E-005  0.99792154675134181     
   3.0910000000002365E-005  0.99788516309006825     
   3.1010000000002381E-005  0.99784852987639105     
   3.1110000000002397E-005  0.99781166434935320     
   3.1210000000002413E-005  0.99777455058043985     
   3.1310000000002429E-005  0.99773718168945502     
   3.1410000000002445E-005  0.99769956322380404     
   3.1510000000002461E-005  0.99766839282623399     
   3.1610000000002477E-005  0.99766380661793519     
   3.1710000000002493E-005  0.99765920055563351     
   3.1810000000002509E-005  0.99765456269037223     
   3.1910000000002525E-005  0.99764989286533046     
   3.2010000000002541E-005  0.99764519097693105     
   3.2110000000002557E-005  0.99764045690323655     
   3.2210000000002573E-005  0.99763569050910983     
   3.2310000000002589E-005  0.99762386190505903     
   3.2410000000002605E-005  0.99758382121931033     
   3.2510000000002621E-005  0.99754350617100251     
   3.2610000000002637E-005  0.99750292884696468     
   3.2710000000002653E-005  0.99746208668507530     
   3.2810000000002669E-005  0.99742097895959392     
   3.2910000000002685E-005  0.99737960392475833     
   3.3010000000002701E-005  0.99733796455255086     
   3.3110000000002717E-005  0.99729968799941915     
   3.3210000000002733E-005  0.99729425612942224     
   3.3310000000002749E-005  0.99728875592976640     
   3.3410000000002765E-005  0.99728321916705964     
   3.3510000000002781E-005  0.99727764565808275     
   3.3610000000002797E-005  0.99727203577559209     
   3.3710000000002813E-005  0.99726638895353703     
   3.3810000000002829E-005  0.99726070498448083     
   3.3910000000002845E-005  0.99725498371040755     
   3.4010000000002861E-005  0.99721071646512438     
   3.4110000000002877E-005  0.99716617025387022     
   3.4210000000002893E-005  0.99712135183539152     
   3.4310000000002909E-005  0.99707625407589773     
   3.4410000000002925E-005  0.99703088378526117     
   3.4510000000002941E-005  0.99698523725151933     
   3.4610000000002957E-005  0.99693931991116225     
   3.4710000000002973E-005  0.99689313820553904     
   3.4810000000002989E-005  0.99688267839321609     
   3.4910000000003005E-005  0.99687615925568729     
   3.5010000000003021E-005  0.99686959841877520     
   3.5110000000003037E-005  0.99686299544636203     
   3.5210000000003053E-005  0.99685635022476715     
   3.5310000000003069E-005  0.99684966262764085     
   3.5410000000003085E-005  0.99684293247634959     
   3.5510000000003101E-005  0.99683615964440886     
   3.5610000000003117E-005  0.99679169732595874     
   3.5710000000003133E-005  0.99674276830245201     
   3.5810000000003149E-005  0.99669354698947177     
   3.5910000000003165E-005  0.99664404220992819     
   3.6010000000003181E-005  0.99659425342773489     
   3.6110000000003197E-005  0.99654417845130294     
   3.6210000000003213E-005  0.99649381452333374     
   3.6310000000003229E-005  0.99644315215429702     
   3.6410000000003245E-005  0.99642689462665535     
   3.6510000000003260E-005  0.99641923025316714     
   3.6610000000003276E-005  0.99641151879081846     
   3.6710000000003292E-005  0.99640375948985838     
   3.6810000000003308E-005  0.99639595223698396     
   3.6910000000003324E-005  0.99638809689105190     
   3.7010000000003340E-005  0.99638019328955119     
   3.7110000000003356E-005  0.99637224128168445     
   3.7210000000003372E-005  0.99633268654827911     
   3.7310000000003388E-005  0.99627934406185348     
   3.7410000000003404E-005  0.99622568151752522     
   3.7510000000003420E-005  0.99617170887629602     
   3.7610000000003436E-005  0.99611741408329502     
   3.7710000000003452E-005  0.99606280189158281     
   3.7810000000003468E-005  0.99600787712187389     
   3.7910000000003484E-005  0.99595264268240746     
   3.8010000000003500E-005  0.99592511237110515     
   3.8110000000003516E-005  0.99591613420846870     
   3.8210000000003532E-005  0.99590710486698419     
   3.8310000000003548E-005  0.99589802111395487     
   3.8410000000003564E-005  0.99588888286887323     
   3.8510000000003580E-005  0.99587969041843616     
   3.8610000000003596E-005  0.99587044355940746     
   3.8710000000003612E-005  0.99586114184604768     
   3.8810000000003628E-005  0.99582269254074540     
   3.8910000000003644E-005  0.99576459425597985     
   3.9010000000003660E-005  0.99570617947092799     
   3.9110000000003676E-005  0.99564744183157727     
   3.9210000000003692E-005  0.99558838209635991     
   3.9310000000003708E-005  0.99552899675592588     
   3.9410000000003724E-005  0.99546929399597650     
   3.9510000000003740E-005  0.99540927464395546     
   3.9610000000003756E-005  0.99537393409840624     
   3.9710000000003772E-005  0.99536347225866029     
   3.9810000000003788E-005  0.99535294254058482     
   3.9910000000003804E-005  0.99534235293246875     
   4.0010000000003820E-005  0.99533170247265212     
   4.0110000000003836E-005  0.99532099152067255     
   4.0210000000003852E-005  0.99531021904121153     
   4.0310000000003868E-005  0.99529938468602497     
   4.0410000000003884E-005  0.99526772576016120     
   4.0510000000003900E-005  0.99520471294635493     
   4.0610000000003916E-005  0.99514135320511066     
   4.0710000000003932E-005  0.99507765712618101     
   4.0810000000003948E-005  0.99501361505683550     
   4.0910000000003964E-005  0.99494923529418744     
   4.1010000000003980E-005  0.99488450090119096     
   4.1110000000003996E-005  0.99481941583529598     
   4.1210000000004012E-005  0.99476999800721921     
   4.1310000000004028E-005  0.99475785572972464     
   4.1410000000004044E-005  0.99474561913809734     
   4.1510000000004060E-005  0.99473331313171776     
   4.1610000000004076E-005  0.99472093824295238     
   4.1710000000004092E-005  0.99470849382149429     
   4.1810000000004108E-005  0.99469597938024013     
   4.1910000000004124E-005  0.99468339439607556     
   4.2010000000004140E-005  0.99465413879397790     
   4.2110000000004156E-005  0.99458577806660142     
   4.2210000000004172E-005  0.99451708895038615     
   4.2310000000004188E-005  0.99444804002501141     
   4.2410000000004204E-005  0.99437865620093113     
   4.2510000000004219E-005  0.99430891733038018     
   4.2610000000004235E-005  0.99423882072861136     
   4.2710000000004251E-005  0.99416836011220733     
   4.2810000000004267E-005  0.99410897464577441     
   4.2910000000004283E-005  0.99409489855795030     
   4.3010000000004299E-005  0.99408077025375907     
   4.3110000000004315E-005  0.99406656556441286     
   4.3210000000004331E-005  0.99405228569608950     
   4.3310000000004347E-005  0.99403792792003420     
   4.3410000000004363E-005  0.99402349139335444     
   4.3510000000004379E-005  0.99400897663578192     
   4.3610000000004395E-005  0.99398858418197733     
   4.3710000000004411E-005  0.99391512418841232     
   4.3810000000004427E-005  0.99384134636770916     
   4.3910000000004443E-005  0.99376719880559317     
   4.4010000000004459E-005  0.99369269936244753     
   4.4110000000004475E-005  0.99361782580254399     
   4.4210000000004491E-005  0.99354258104095483     
   4.4310000000004507E-005  0.99346695547479180     
   4.4410000000004523E-005  0.99339095636140318     
   4.4510000000004539E-005  0.99337481659320437     
   4.4610000000004555E-005  0.99335857968771490     
   4.4710000000004571E-005  0.99334225778836149     
   4.4810000000004587E-005  0.99332584940814306     
   4.4910000000004603E-005  0.99330935728918468     
   4.5010000000004619E-005  0.99329277895653512     
   4.5110000000004635E-005  0.99327611244777569     
   4.5210000000004651E-005  0.99325935733317416     
   4.5310000000004667E-005  0.99318054811967826     
   4.5410000000004683E-005  0.99310135064390614     
   4.5510000000004699E-005  0.99302177411897019     
   4.5610000000004715E-005  0.99294182235662554     
   4.5710000000004731E-005  0.99286151783090792     
   4.5810000000004747E-005  0.99278082291681269     
   4.5910000000004763E-005  0.99269976935882487     
   4.6010000000004779E-005  0.99261834739639498     
   4.6110000000004795E-005  0.99259352404829848     
   4.6210000000004811E-005  0.99257490690277095     
   4.6310000000004827E-005  0.99255619607174428     
   4.6410000000004843E-005  0.99253739017816156     
   4.6510000000004859E-005  0.99251848973907386     
   4.6610000000004875E-005  0.99249949116916270     
   4.6710000000004891E-005  0.99248039541663968     
   4.6810000000004907E-005  0.99246120387987824     
   4.6910000000004923E-005  0.99238988487513047     
   4.7010000000004939E-005  0.99230518432307124     
   4.7110000000004955E-005  0.99222007086736808     
   4.7210000000004971E-005  0.99213457950415751     
   4.7310000000004987E-005  0.99204870447539673     
   4.7410000000005003E-005  0.99196245210667700     
   4.7510000000005019E-005  0.99187581432017802     
   4.7610000000005035E-005  0.99178877811667554     
   4.7710000000005051E-005  0.99174781677392920     
   4.7810000000005067E-005  0.99172659881923142     
   4.7910000000005083E-005  0.99170527848140622     
   4.8010000000005099E-005  0.99168384887918348     
   4.8110000000005115E-005  0.99166230972640101     
   4.8210000000005131E-005  0.99164066145459073     
   4.8310000000005147E-005  0.99161890508044159     
   4.8410000000005162E-005  0.99159704271974169     
   4.8510000000005178E-005  0.99152769659658946     
   4.8610000000005194E-005  0.99143769943571425     
   4.8710000000005210E-005  0.99134729761424545     
   4.8810000000005226E-005  0.99125649868490717     
   4.8910000000005242E-005  0.99116529819368582     
   4.9010000000005258E-005  0.99107370262663919     
   4.9110000000005274E-005  0.99098172920202587     
   4.9210000000005290E-005  0.99088935360377550     
   4.9310000000005306E-005  0.99083793215330329     
   4.9410000000005322E-005  0.99081387276328636     
   4.9510000000005338E-005  0.99078969806092987     
   4.9610000000005354E-005  0.99076540654110234     
   4.9710000000005370E-005  0.99074099805111204     
   4.9810000000005386E-005  0.99071646876933905     
   4.9910000000005402E-005  0.99069181938259110     
   5.0010000000005418E-005  0.99066705040894643     
   5.0110000000005434E-005  0.99060705838981289     
   5.0210000000005450E-005  0.99051159427032220     
   5.0310000000005466E-005  0.99041574388301912     
   5.0410000000005482E-005  0.99031949211289572     
   5.0510000000005498E-005  0.99022280169844135     
   5.0610000000005514E-005  0.99012566768757770     
   5.0710000000005530E-005  0.99002809323701135     
   5.0810000000005546E-005  0.98993011586014479     
   5.0910000000005562E-005  0.98986031977177469     
   5.1010000000005578E-005  0.98983311997419310     
   5.1110000000005594E-005  0.98980579854531570     
   5.1210000000005610E-005  0.98977834382699059     
   5.1310000000005626E-005  0.98975076180489230     
   5.1410000000005642E-005  0.98972304649571807     
   5.1510000000005658E-005  0.98969519757510915     
   5.1610000000005674E-005  0.98966721886030495     
   5.1710000000005690E-005  0.98961016172554461     
   5.1810000000005706E-005  0.98950941026765404     
   5.1910000000005722E-005  0.98940821762025222     
   5.2010000000005738E-005  0.98930658188324849     
   5.2110000000005754E-005  0.98920449135838850     
   5.2210000000005770E-005  0.98910193842931693     
   5.2310000000005786E-005  0.98899896177111779     
   5.2410000000005802E-005  0.98889557172495446     
   5.2510000000005818E-005  0.98881374080818307     
   5.2610000000005834E-005  0.98878315525785321     
   5.2710000000005850E-005  0.98875236931283539     
   5.2810000000005866E-005  0.98872143114871502     
   5.2910000000005882E-005  0.98869034270311562     
   5.3010000000005898E-005  0.98865910887999719     
   5.3110000000005914E-005  0.98862772830557233     
   5.3210000000005930E-005  0.98859619830471890     
   5.3310000000005946E-005  0.98854961312309753     
   5.3410000000005962E-005  0.98844334834291936     
   5.3510000000005978E-005  0.98833655574997814     
   5.3610000000005994E-005  0.98822930714930168     
   5.3710000000006010E-005  0.98812161372515961     
   5.3810000000006026E-005  0.98801345926804529     
   5.3910000000006042E-005  0.98790488249126940     
   5.4010000000006058E-005  0.98779584983120450     
   5.4110000000006074E-005  0.98769380430141651     
   5.4210000000006090E-005  0.98765950501330479     
   5.4310000000006106E-005  0.98762492988107997     
   5.4410000000006121E-005  0.98759018851699998     
   5.4510000000006137E-005  0.98755528162694206     
   5.4610000000006153E-005  0.98752020700751475     
   5.4710000000006169E-005  0.98748497098711741     
   5.4810000000006185E-005  0.98744957947102241     
   5.4910000000006201E-005  0.98740655872415362     
   5.5010000000006217E-005  0.98729487461691456     
   5.5110000000006233E-005  0.98718277104421082     
   5.5210000000006249E-005  0.98707017374534922     
   5.5310000000006265E-005  0.98695712327181762     
   5.5410000000006281E-005  0.98684362513810431     
   5.5510000000006297E-005  0.98672967245528154     
   5.5610000000006313E-005  0.98661527522269654     
   5.5710000000006329E-005  0.98650044289438554     
   5.5810000000006345E-005  0.98646195943369441     
   5.5910000000006361E-005  0.98642327718520784     
   5.6010000000006377E-005  0.98638441909986951     
   5.6110000000006393E-005  0.98634538287379836     
   5.6210000000006409E-005  0.98630616557023154     
   5.6310000000006425E-005  0.98626676586519790     
   5.6410000000006441E-005  0.98622718391711461     
   5.6510000000006457E-005  0.98618741802986165     
   5.6610000000006473E-005  0.98607849405039050     
   5.6710000000006489E-005  0.98596127599940919     
   5.6810000000006505E-005  0.98584348543674738     
   5.6910000000006521E-005  0.98572515939398719     
   5.7010000000006537E-005  0.98560632702357642     
   5.7110000000006553E-005  0.98548703052290454     
   5.7210000000006569E-005  0.98536728064118506     
   5.7310000000006585E-005  0.98524702423659127     
   5.7410000000006601E-005  0.98518843045819693     
   5.7510000000006617E-005  0.98514511471112587     
   5.7610000000006633E-005  0.98510159627103855     
   5.7710000000006649E-005  0.98505787649850496     
   5.7810000000006665E-005  0.98501395850978568     
   5.7910000000006681E-005  0.98496983713688191     
   5.8010000000006697E-005  0.98492550680124802     
   5.8110000000006713E-005  0.98488097267176367     
   5.8210000000006729E-005  0.98477484510162838     
   5.8310000000006745E-005  0.98465277420069364     
   5.8410000000006761E-005  0.98453004963544744     
   5.8510000000006777E-005  0.98440673504161880     
   5.8610000000006793E-005  0.98428287721450480     
   5.8710000000006809E-005  0.98415850128786164     
   5.8810000000006825E-005  0.98403360431193021     
   5.8910000000006841E-005  0.98390820984163907     
   5.9010000000006857E-005  0.98383675461091835     
   5.9110000000006873E-005  0.98378832014490492     
   5.9210000000006889E-005  0.98373966116446165     
   5.9310000000006905E-005  0.98369077090634427     
   5.9410000000006921E-005  0.98364164702686097     
   5.9510000000006937E-005  0.98359229487965838     
   5.9610000000006953E-005  0.98354271854946784     
   5.9710000000006969E-005  0.98349291936113414     
   5.9810000000006985E-005  0.98339712902202947     
   5.9910000000007001E-005  0.98327031006230914     
   6.0010000000007017E-005  0.98314283244520406     
   6.0110000000007033E-005  0.98301476520597053     
   6.0210000000007049E-005  0.98288612208584514     
   6.0310000000007065E-005  0.98275693974921641     
   6.0410000000007080E-005  0.98262721202428560     
   6.0510000000007096E-005  0.98249693599295562     
   6.0610000000007112E-005  0.98240483317190541     
   6.0710000000007128E-005  0.98235110614947774     
   6.0810000000007144E-005  0.98229708179391262     
   6.0910000000007160E-005  0.98224279305930651     
   6.1010000000007176E-005  0.98218822662419603     
   6.1110000000007145E-005  0.98213337625372288     
   6.1210000000007093E-005  0.98207827336979636     
   6.1310000000007041E-005  0.98202289250023278     
   6.1410000000006990E-005  0.98192975947806105     
   6.1510000000006938E-005  0.98179854497168850     
   6.1610000000006886E-005  0.98166669800779538     
   6.1710000000006834E-005  0.98153425330532562     
   6.1810000000006782E-005  0.98140119348752120     
   6.1910000000006731E-005  0.98126749109745215     
   6.2010000000006679E-005  0.98113321552882637     
   6.2110000000006627E-005  0.98099836673848317     
   6.2210000000006575E-005  0.98089326221510797     
   6.2310000000006524E-005  0.98083305288056855     
   6.2410000000006472E-005  0.98077254685100945     
   6.2510000000006420E-005  0.98071172268576245     
   6.2610000000006368E-005  0.98065055793646028     
   6.2710000000006316E-005  0.98058905050392553     
   6.2810000000006265E-005  0.98052721619280170     
   6.2910000000006213E-005  0.98046503811882835     
   6.3010000000006161E-005  0.98038086526955037     
   6.3110000000006109E-005  0.98024534803142871     
   6.3210000000006058E-005  0.98010917046479595     
   6.3310000000006006E-005  0.97997228967358752     
   6.3410000000005954E-005  0.97983474359037304     
   6.3510000000005902E-005  0.97969658857590491     
   6.3610000000005850E-005  0.97955778854825837     
   6.3710000000005799E-005  0.97941835801511745     
   6.3810000000005747E-005  0.97929304660546668     
   6.3910000000005695E-005  0.97922565602843248     
   6.4010000000005643E-005  0.97915787281174171     
   6.4110000000005592E-005  0.97908964242230667     
   6.4210000000005540E-005  0.97902101746328440     
   6.4310000000005488E-005  0.97895197061272732     
   6.4410000000005436E-005  0.97888247822867602     
   6.4510000000005384E-005  0.97881251696908744     
   6.4610000000005333E-005  0.97872825139616282     
   6.4710000000005281E-005  0.97858853078590391     
   6.4810000000005229E-005  0.97844804601836621     
   6.4910000000005177E-005  0.97830690660168140     
   6.5010000000005126E-005  0.97816501908447329     
   6.5110000000005074E-005  0.97802244771526836     
   6.5210000000005022E-005  0.97787923949830835     
   6.5310000000004970E-005  0.97773535871627748     
   6.5410000000004918E-005  0.97759756033130218     
   6.5510000000004867E-005  0.97752140174837832     
   6.5610000000004815E-005  0.97744444847158496     
   6.5710000000004763E-005  0.97736682465984104     
   6.5810000000004711E-005  0.97728854974767110     
   6.5910000000004660E-005  0.97720958565407878     
   6.6010000000004608E-005  0.97712989993009203     
   6.6110000000004556E-005  0.97704946154937600     
   6.6210000000004504E-005  0.97696826747156906     
   6.6310000000004452E-005  0.97682485035905897     
   6.6410000000004401E-005  0.97668068981560330     
   6.6510000000004349E-005  0.97653589874304791     
   6.6610000000004297E-005  0.97639042605485948     
   6.6710000000004245E-005  0.97624414359487488     
   6.6810000000004194E-005  0.97609707056965234     
   6.6910000000004142E-005  0.97594924868322863     
   6.7010000000004090E-005  0.97580064020160440     
   6.7110000000004038E-005  0.97570372257719773     
   6.7210000000003986E-005  0.97561152608084623     
   6.7310000000003935E-005  0.97551830651522053     
   6.7410000000003883E-005  0.97542402432589814     
   6.7510000000003831E-005  0.97532861995334352     
   6.7610000000003779E-005  0.97523215069738023     
   6.7710000000003727E-005  0.97513460040443833     
   6.7810000000003676E-005  0.97503595852845071     
   6.7910000000003624E-005  0.97488816887346763     
   6.8010000000003572E-005  0.97473419390277360     
   6.8110000000003520E-005  0.97457923945415148     
   6.8210000000003469E-005  0.97442330276494060     
   6.8310000000003417E-005  0.97426650289264416     
   6.8410000000003365E-005  0.97410826527373662     
   6.8510000000003313E-005  0.97394008636093510     
   6.8610000000003261E-005  0.97375626406622295     
   6.8710000000003210E-005  0.97357461812492174     
   6.8810000000003158E-005  0.97334987547170781     
   6.8910000000003106E-005  0.97305833510359685     
   6.9010000000003054E-005  0.97268181642046336     
   6.9110000000003003E-005  0.97219973409163174     
   6.9210000000002951E-005  0.97158411257643162     
   6.9310000000002899E-005  0.97073444141321608     
   6.9410000000002847E-005  0.96949708683920521     
   6.9510000000002795E-005  0.96753077067732962     
   6.9610000000002744E-005  0.96485044246590046     
   6.9710000000002692E-005  0.96138732620825496     
   6.9810000000002640E-005  0.95682335554148379     
   6.9910000000002588E-005  0.95082971527150262     
   7.0010000000002537E-005  0.94306631375559691     
   7.0110000000002485E-005  0.93321813097771300     
   7.0210000000002433E-005  0.92099019112036407     
   7.0310000000002381E-005  0.90419167980686155     
   7.0410000000002329E-005  0.88562803993358463     
   7.0507220908940630E-005  0.86589351127391234     
   7.0593158833767516E-005  0.84725768082197561     
   7.0670320260750102E-005  0.82999485053551303     
   7.0739652725063928E-005  0.81446717422891834     
   7.0802775129099528E-005  0.80063485895465303     
   7.0860139563758996E-005  0.78852083978274201     
   7.0913210938562140E-005  0.77785065824361943     
   7.0963056137776697E-005  0.76831318568382478     
   7.1010451338626953E-005  0.75970922744275426     
   7.1055983082483789E-005  0.75194326381007193     
   7.1099735739629748E-005  0.74136573527416172     
   7.1142415927907137E-005  0.73444584126955659     
   7.1184393621609280E-005  0.72823228259335915     
   7.1225947332391402E-005  0.72248323923536184     
   7.1267332616045811E-005  0.71711276043518657     
   7.1308773701784419E-005  0.71210950182255639     
   7.1350477810990738E-005  0.70743910583797021     
   7.1392652913113857E-005  0.70308508217075072     
   7.1435498431820011E-005  0.69903927896710893     
   7.1479212508048699E-005  0.69526121404086838     
   7.1523992001089725E-005  0.69172033790512444     
   7.1570047973322018E-005  0.68839871049290258     
   7.1617593851037805E-005  0.68538902752655484     
   7.1666860075110146E-005  0.68259143762793217     
   7.1718091061680691E-005  0.68001141112054375     
   7.1771552427772324E-005  0.67761038509069993     
   7.1827223374635048E-005  0.67539279981993205     
   7.1884212439684420E-005  0.67036974838027841     
   7.1942694418235760E-005  0.66743747688536215     
   7.2003403423220348E-005  0.66578707523453529     
   7.2066547637918125E-005  0.66444717361267081     
   7.2131579704006103E-005  0.66328844878283222     
   7.2198571666544020E-005  0.66230147904630221     
   7.2267626239334821E-005  0.66145497328593339     
   7.2338861957138516E-005  0.66071451121709390     
   7.2412373200465157E-005  0.66010139102969378     
   7.2488259219332673E-005  0.65956695182921687     
   7.2566633139979527E-005  0.65906876941471038     
   7.2647599822810451E-005  0.65860354558593903     
   7.2731201666729979E-005  0.65486071482779484     
   7.2817526521944009E-005  0.65383408287182365     
   7.2906757032525313E-005  0.65341336113751924     
   7.2999097816958821E-005  0.65314685517540028     
   7.3094760365718781E-005  0.65297497365146562     
   7.3193853011654369E-005  0.65290163368709353     
   7.3293853011654317E-005  0.65292361842552404     
   7.3393853011654266E-005  0.65302309550812332     
   7.3493853011654214E-005  0.65188971883992453     
   7.3593853011654162E-005  0.64992986142488773     
   7.3693853011654110E-005  0.64977371278760154     
   7.3793853011654058E-005  0.65001758243049945     
   7.3893853011654007E-005  0.65042482813042923     
   7.3993853011653955E-005  0.65092825487915340     
   7.4093853011653903E-005  0.65150352655585009     
   7.4193853011653851E-005  0.65214244210358019     
   7.4293853011653800E-005  0.65233773221909785     
   7.4393853011653748E-005  0.65068955076441559     
   7.4493853011653696E-005  0.65068052077181915     
   7.4593853011653644E-005  0.65109752978654944     
   7.4693853011653592E-005  0.65165472577006978     
   7.4793853011653541E-005  0.65225688731578357     
   7.4893853011653489E-005  0.65286169064046584     
   7.4993853011653437E-005  0.65344288036239728     
   7.5093853011653385E-005  0.65398821109886329     
   7.5193853011653334E-005  0.65235047813182978     
   7.5293853011653282E-005  0.65193079373640805     
   7.5393853011653230E-005  0.65190046545568925     
   7.5493853011653178E-005  0.65203164728981555     
   7.5593853011653126E-005  0.65224267006627112     
   7.5693853011653075E-005  0.65249314980015027     
   7.5793853011653023E-005  0.65276393514783160     
   7.5893853011652971E-005  0.65304524088261862     
   7.5993853011652919E-005  0.65154573000837646     
   7.6093853011652868E-005  0.65079925792247439     
   7.6193853011652816E-005  0.65048971672087985     
   7.6293853011652764E-005  0.65040276023358212     
   7.6393853011652712E-005  0.65043867231595021     
   7.6493853011652660E-005  0.65054064427753278     
   7.6593853011652609E-005  0.65068043998569958     
   7.6693853011652557E-005  0.65084487782806244     
   7.6793853011652505E-005  0.64961646038900478     
   7.6893853011652453E-005  0.64889466782210947     
   7.6993853011652401E-005  0.64851810453372072     
   7.7093853011652350E-005  0.64833103165791295     
   7.7193853011652298E-005  0.64825479232518679     
   7.7293853011652246E-005  0.64824921518447443     
   7.7393853011652194E-005  0.64829745718273224     
   7.7493853011652143E-005  0.64838480187583492     
   7.7593853011652091E-005  0.64746812182086722     
   7.7693853011652039E-005  0.64677578530310931     
   7.7793853011651987E-005  0.64639413241965671     
   7.7893853011651935E-005  0.64619568554537743     
   7.7993853011651884E-005  0.64610975792800840     
   7.8093853011651832E-005  0.64609783093545614     
   7.8193853011651780E-005  0.64613713127456962     
   7.8293853011651728E-005  0.64621668982408753     
   7.8393853011651677E-005  0.64540169444919149     
   7.8493853011651625E-005  0.64464042029886293     
   7.8593853011651573E-005  0.64419828035773274     
   7.8693853011651521E-005  0.64394328194499584     
   7.8793853011651469E-005  0.64380538024021183     
   7.8893853011651418E-005  0.64374164345115359     
   7.8993853011651366E-005  0.64371903697363742     
   7.9093853011651314E-005  0.64372416679016464     
   7.9193853011651262E-005  0.64285478528664985     
   7.9293853011651211E-005  0.64190691960664192     
   7.9393853011651159E-005  0.64133957948670317     
   7.9493853011651107E-005  0.64097014382719530     
   7.9593853011651055E-005  0.64071334888968889     
   7.9693853011651003E-005  0.64051856688694664     
   7.9793853011650952E-005  0.64036008817311152     
   7.9893853011650900E-005  0.64021750242483233     
   7.9993853011650848E-005  0.63885697536614250     
   8.0093853011650796E-005  0.63750825512876919     
   8.0193853011650745E-005  0.63664885623759215     
   8.0293853011650693E-005  0.63597718756093080     
   8.0393853011650641E-005  0.63535223331678758     
   8.0493853011650589E-005  0.63469938716030216     
   8.0593853011650537E-005  0.63399360159409490     
   8.0693853011650486E-005  0.63321690721811785     
   8.0793853011650434E-005  0.63105298427860157     
   8.0893853011650382E-005  0.62879211981239991     
   8.0993853011650330E-005  0.62717000187919925     
   8.1093853011650279E-005  0.62577231948279155     
   8.1193853011650227E-005  0.62447155051173198     
   8.1293853011650175E-005  0.62323531531628695     
   8.1393853011650123E-005  0.62205045019296823     
   8.1493853011650071E-005  0.62091940850523797     
   8.1593853011650020E-005  0.61881064561377608     
   8.1693853011649968E-005  0.61642431054784341     
   8.1793853011649916E-005  0.61480958259136653     
   8.1893853011649864E-005  0.61351484211528517     
   8.1993853011649813E-005  0.61239513128947187     
   8.2093853011649761E-005  0.61139213090472366     
   8.2193853011649709E-005  0.61046673910015503     
   8.2293853011649657E-005  0.60960943845307380     
   8.2393853011649605E-005  0.60811343484842106     
   8.2493853011649554E-005  0.60591559845180643     
   8.2593853011649502E-005  0.60444429766944774     
   8.2693853011649450E-005  0.60328984340698477     
   8.2793853011649398E-005  0.60228955851676058     
   8.2893853011649347E-005  0.60138597897765078     
   8.2993853011649295E-005  0.60055048645582321     
   8.3093853011649243E-005  0.59977374043412546     
   8.3193853011649191E-005  0.59836351151440303     
   8.3293853011649139E-005  0.59616298856912375     
   8.3393853011649088E-005  0.59466962779777222     
   8.3493853011649036E-005  0.59351721296644422     
   8.3593853011648984E-005  0.59256161130141882     
   8.3693853011648932E-005  0.59173603371051464     
   8.3793853011648880E-005  0.59099238819181554     
   8.3893853011648829E-005  0.59031080459438412     
   8.3993853011648777E-005  0.58922665402580809     
   8.4093853011648725E-005  0.58713885536910460     
   8.4193853011648673E-005  0.58574177885325585     
   8.4293853011648622E-005  0.58465724414839026     
   8.4393853011648570E-005  0.58374728358292194     
   8.4493853011648518E-005  0.58294366719928492     
   8.4593853011648466E-005  0.58220308380579200     
   8.4693853011648414E-005  0.58152036864936130     
   8.4793853011648363E-005  0.58064636595559571     
   8.4893853011648311E-005  0.57843873951356184     
   8.4993853011648259E-005  0.57699579034833182     
   8.5093853011648207E-005  0.57591515481861943     
   8.5193853011648156E-005  0.57502413673080610     
   8.5293853011648104E-005  0.57425283286474649     
   8.5393853011648052E-005  0.57355077308650382     
   8.5493853011648000E-005  0.57290609261747238     
   8.5593853011647948E-005  0.57230867857222734     
   8.5693853011647897E-005  0.57013142684924467     
   8.5793853011647845E-005  0.56871622694410195     
   8.5893853011647793E-005  0.56764476472611092     
   8.5993853011647741E-005  0.56674814495109360     
   8.6093853011647690E-005  0.56596261397809877     
   8.6193853011647638E-005  0.56524993181616712     
   8.6293853011647586E-005  0.56458598159322726     
   8.6393853011647534E-005  0.56396044237666476     
   8.6493853011647482E-005  0.56195774315744762     
   8.6593853011647431E-005  0.56057893188562125     
   8.6693853011647379E-005  0.55951755724189467     
   8.6793853011647327E-005  0.55863320679713446     
   8.6893853011647275E-005  0.55784850713921241     
   8.6993853011647224E-005  0.55712274435889697     
   8.7093853011647172E-005  0.55642986182827581     
   8.7193853011647120E-005  0.55575909606452101     
   8.7293853011647068E-005  0.55375913409393540     
   8.7393853011647016E-005  0.55216577750127882     
   8.7493853011646965E-005  0.55090845154327728     
   8.7593853011646913E-005  0.54985847849374481     
   8.7693853011646861E-005  0.54894027601040596     
   8.7793853011646809E-005  0.54810106271229952     
   8.7893853011646758E-005  0.54732246731036160     
   8.7993853011646706E-005  0.54658059573841800     
   8.8093853011646654E-005  0.54474962153358319     
   8.8193853011646602E-005  0.54312460830727483     
   8.8293853011646550E-005  0.54183722207390417     
   8.8393853011646499E-005  0.54074336587729688     
   8.8493853011646447E-005  0.53975497939612616     
   8.8593853011646395E-005  0.53882650778901164     
   8.8693853011646343E-005  0.53792737340532837     
   8.8793853011646292E-005  0.53703037341785786     
   8.8893853011646240E-005  0.53518566517796395     
   8.8993853011646188E-005  0.53334105602202775     
   8.9093853011646136E-005  0.53179488772156625     
   8.9193853011646084E-005  0.53040807451894822     
   8.9293853011646033E-005  0.52910989703160960     
   8.9393853011645981E-005  0.52785722260728274     
   8.9493853011645929E-005  0.52663928286070139     
   8.9593853011645877E-005  0.52544804788119615     
   8.9693853011645826E-005  0.52333384583023268     
   8.9793853011645774E-005  0.52126703638057392     
   8.9893853011645722E-005  0.51952457857959122     
   8.9993853011645670E-005  0.51797170520752667     
   9.0093853011645618E-005  0.51655364239309687     
   9.0193853011645567E-005  0.51523733880119871     
   9.0293853011645515E-005  0.51400635396291505     
   9.0393853011645463E-005  0.51285153431239983     
   9.0493853011645411E-005  0.51099583705550677     
   9.0593853011645359E-005  0.50909231514096442     
   9.0693853011645308E-005  0.50753363534388019     
   9.0793853011645256E-005  0.50618494047997409     
   9.0893853011645204E-005  0.50498068469672786     
   9.0993853011645152E-005  0.50388031290950641     
   9.1093853011645101E-005  0.50286864242972040     
   9.1193853011645049E-005  0.50192751371486455     
   9.1293853011644997E-005  0.50021888591713337     
   9.1393853011644945E-005  0.49826762852383005     
   9.1493853011644893E-005  0.49678196878169367     
   9.1593853011644842E-005  0.49555212611555538     
   9.1693853011644790E-005  0.49448015575831500     
   9.1793853011644738E-005  0.49351726991359562     
   9.1893853011644686E-005  0.49264282340175886     
   9.1993853011644635E-005  0.49183677629652195     
   9.2093853011644583E-005  0.49051337830362318     
   9.2193853011644531E-005  0.48878253997659771     
   9.2293853011644479E-005  0.48745467697758232     
   9.2393853011644427E-005  0.48635145668321855     
   9.2493853011644376E-005  0.48539171994247965     
   9.2593853011644324E-005  0.48452559954367946     
   9.2693853011644272E-005  0.48372035109280309     
   9.2793853011644220E-005  0.48296071689147652     
   9.2893853011644169E-005  0.48164122821331734     
   9.2993853011644117E-005  0.47990749375979636     
   9.3093853011644065E-005  0.47859458360747498     
   9.3193853011644013E-005  0.47750936004933159     
   9.3293853011643961E-005  0.47655574586017596     
   9.3393853011643910E-005  0.47567906860400783     
   9.3493853011643858E-005  0.47485338879467920     
   9.3593853011643806E-005  0.47406578395433907     
   9.3693853011643754E-005  0.47278272480307620     
   9.3793853011643703E-005  0.47072407830978846     
   9.3893853011643651E-005  0.46913497914923308     
   9.3993853011643599E-005  0.46783582853603645     
   9.4093853011643547E-005  0.46670451088488241     
   9.4193853011643495E-005  0.46567014233968829     
   9.4293853011643444E-005  0.46469897100165247     
   9.4393853011643392E-005  0.46378348241088846     
   9.4493853011643340E-005  0.46257410032961299     
   9.4593853011643288E-005  0.46046284510518443     
   9.4693853011643237E-005  0.45882127949595719     
   9.4793853011643185E-005  0.45746649933285799     
   9.4893853011643133E-005  0.45628507006829566     
   9.4993853011643081E-005  0.45522299549573803     
   9.5093853011643029E-005  0.45424584062415763     
   9.5193853011642978E-005  0.45332851733156082     
   9.5293853011642926E-005  0.45229032586051826     
   9.5393853011642874E-005  0.45012162195217365     
   9.5493853011642822E-005  0.44843007143582675     
   9.5593853011642771E-005  0.44705687676286426     
   9.5693853011642719E-005  0.44589748004207808     
   9.5793853011642667E-005  0.44488320102963075     
   9.5893853011642615E-005  0.44396448550565620     
   9.5993853011642563E-005  0.44312010077543246     
   9.6093853011642512E-005  0.44217116486658564     
   9.6193853011642460E-005  0.44011738038638293     
   9.6293853011642408E-005  0.43854122230542397     
   9.6393853011642356E-005  0.43729615660241122     
   9.6493853011642305E-005  0.43625858669325662     
   9.6593853011642253E-005  0.43535009125791918     
   9.6693853011642201E-005  0.43454034488748217     
   9.6793853011642149E-005  0.43380262819061605     
   9.6893853011642097E-005  0.43311389603595851     
   9.6993853011642046E-005  0.43115951519207901     
   9.7093853011641994E-005  0.42964358252233492     
   9.7193853011641942E-005  0.42842518993010098     
   9.7293853011641890E-005  0.42739985044336898     
   9.7393853011641838E-005  0.42649216119610556     
   9.7493853011641787E-005  0.42566960558517652     
   9.7593853011641735E-005  0.42491609223284860     
   9.7693853011641683E-005  0.42419690332631926     
   9.7793853011641631E-005  0.42238641671034660     
   9.7893853011641580E-005  0.42083568829842560     
   9.7993853011641528E-005  0.41956015551567510     
   9.8093853011641476E-005  0.41847938216808994     
   9.8193853011641424E-005  0.41752820197685492     
   9.8293853011641372E-005  0.41667089702490279     
   9.8393853011641321E-005  0.41588864394885006     
   9.8493853011641269E-005  0.41516116884319981     
   9.8593853011641217E-005  0.41357200281549433     
   9.8693853011641165E-005  0.41207597962029219     
   9.8793853011641114E-005  0.41084189738818039     
   9.8893853011641062E-005  0.40978876705901190     
   9.8993853011641010E-005  0.40886854631206543     
   9.9093853011640958E-005  0.40803814402406369     
   9.9193853011640906E-005  0.40726606035902035     
   9.9293853011640855E-005  0.40654543076126282     
   9.9393853011640803E-005  0.40502695710496839     
   9.9493853011640751E-005  0.40358414455445718     
   9.9593853011640699E-005  0.40236670832438320     
   9.9693853011640648E-005  0.40131585583606783     
   9.9793853011640596E-005  0.40037054422436719     
   9.9893853011640544E-005  0.39950823829386056     
   9.9993853011640492E-005  0.39870661937274077     
   1.0009385301164044E-004  0.39794709207108681     
   1.0019385301164039E-004  0.39657126507279894     
   1.0029385301164034E-004  0.39515230585499744     
   1.0039385301164029E-004  0.39392922541926140     
   1.0049385301164023E-004  0.39284508255472367     
   1.0059385301164018E-004  0.39187071197052903     
   1.0069385301164013E-004  0.39097850120875816     
   1.0079385301164008E-004  0.39014609245325649     
   1.0089385301164003E-004  0.38934813100966109     
   1.0099385301163997E-004  0.38809529936103465     
   1.0109385301163992E-004  0.38669823723866192     
   1.0119385301163987E-004  0.38549391558737167     
   1.0129385301163982E-004  0.38442015254442530     
   1.0139385301163977E-004  0.38345120741058997     
   1.0149385301163972E-004  0.38256009819739373     
   1.0159385301163966E-004  0.38175188955559647     
   1.0169385301163961E-004  0.38100334921840878     
   1.0179385301163956E-004  0.37995479348829153     
   1.0189385301163951E-004  0.37871616935990532     
   1.0199385301163946E-004  0.37762175190384201     
   1.0209385301163940E-004  0.37665790189441262     
   1.0219385301163935E-004  0.37578970198231065     
   1.0229385301163930E-004  0.37500768894497910     
   1.0239385301163925E-004  0.37429034767888625     
   1.0249385301163920E-004  0.37362679441075075     
   1.0259385301163915E-004  0.37271580447970998     
   1.0269385301163909E-004  0.37163426697492769     
   1.0279385301163904E-004  0.37068006513892587     
   1.0289385301163899E-004  0.36982590663022746     
   1.0299385301163894E-004  0.36905502817857877     
   1.0309385301163889E-004  0.36834965167133071     
   1.0319385301163884E-004  0.36769545171479823     
   1.0329385301163878E-004  0.36708370441714949     
   1.0339385301163873E-004  0.36629345150583309     
   1.0349385301163868E-004  0.36526913286205304     
   1.0359385301163863E-004  0.36435117662772187     
   1.0369385301163858E-004  0.36352892345726640     
   1.0379385301163852E-004  0.36277496385226365     
   1.0389385301163847E-004  0.36208339760752373     
   1.0399385301163842E-004  0.36145049690971170     
   1.0409385301163837E-004  0.36086147142637587     
   1.0419385301163832E-004  0.36017796307988137     
   1.0429385301163827E-004  0.35925170293659647     
   1.0439385301163821E-004  0.35841231622383757     
   1.0449385301163816E-004  0.35763468386690561     
   1.0459385301163811E-004  0.35691198244188505     
   1.0469385301163806E-004  0.35623327940898764     
   1.0479385301163801E-004  0.35559288090563951     
   1.0489385301163796E-004  0.35498906041477357     
   1.0499385301163790E-004  0.35432707710587530     
   1.0509385301163785E-004  0.35336508197336214     
   1.0519385301163780E-004  0.35246981591041199     
   1.0529385301163775E-004  0.35163834175446701     
   1.0539385301163770E-004  0.35086108813591732     
   1.0549385301163764E-004  0.35012328670607368     
   1.0559385301163759E-004  0.34941650337937824     
   1.0569385301163754E-004  0.34874096377519048     
   1.0579385301163749E-004  0.34804465661566703     
   1.0589385301163744E-004  0.34719112020987808     
   1.0599385301163739E-004  0.34637723389429181     
   1.0609385301163733E-004  0.34559935296110406     
   1.0619385301163728E-004  0.34485559357845214     
   1.0629385301163723E-004  0.34415046666044624     
   1.0639385301163718E-004  0.34347738049626331     
   1.0649385301163713E-004  0.34282995893598500     
   1.0659385301163707E-004  0.34219186919679478     
   1.0669385301163702E-004  0.34145400132336728     
   1.0679385301163697E-004  0.34074595396105611     
   1.0689385301163692E-004  0.34007023181615242     
   1.0699385301163687E-004  0.33941948758611967     
   1.0709385301163682E-004  0.33880120664848595     
   1.0719385301163676E-004  0.33821639581288776     
   1.0729385301163671E-004  0.33765561484400414     
   1.0739385301163666E-004  0.33711820059329045     
   1.0749385301163661E-004  0.33647724564609011     
   1.0759385301163656E-004  0.33585313684222462     
   1.0769385301163651E-004  0.33525611464352478     
   1.0779385301163645E-004  0.33467802681110498     
   1.0789385301163640E-004  0.33411387926098413     
   1.0799385301163635E-004  0.33356287155537218     
   1.0809385301163630E-004  0.33301563795492101     
   1.0819385301163625E-004  0.33248728165281316     
   1.0829385301163619E-004  0.33205106899433617     
   1.0839385301163614E-004  0.33162495830576277     
   1.0849385301163609E-004  0.33121207381712220     
   1.0859385301163604E-004  0.33080599897779328     
   1.0869385301163599E-004  0.33040853210564536     
   1.0879385301163594E-004  0.33001356697922340     
   1.0889385301163588E-004  0.32962243018899368     
   1.0899385301163583E-004  0.32923442549065579     
   1.0909385301163578E-004  0.32896987537376077     
   1.0919385301163573E-004  0.32871620059921175     
   1.0929385301163568E-004  0.32846543157278602     
   1.0939385301163562E-004  0.32821144390869195     
   1.0949385301163557E-004  0.32796139791267576     
   1.0959385301163552E-004  0.32771895890626845     
   1.0969385301163547E-004  0.32748737894907626     
   1.0979385301163542E-004  0.32726624766044493     
   1.0989385301163537E-004  0.32705199921260114     
   1.0999385301163531E-004  0.32684033507981403     
   1.1009385301163526E-004  0.32662541234226616     
   1.1019385301163521E-004  0.32640541481030316     
   1.1029385301163516E-004  0.32618789547410521     
   1.1039385301163511E-004  0.32597114364324792     
   1.1049385301163506E-004  0.32575275177153673     
   1.1059385301163500E-004  0.32553098311716322     
   1.1069385301163495E-004  0.32530872137325556     
   1.1079385301163490E-004  0.32508706324681480     
   1.1089385301163485E-004  0.32486525113516690     
   1.1099385301163480E-004  0.32464246443342748     
   1.1109385301163474E-004  0.32441509027939119     
   1.1119385301163469E-004  0.32418365187516907     
   1.1129385301163464E-004  0.32394725431031623     
   1.1139385301163459E-004  0.32370334006555046     
   1.1149385301163454E-004  0.32345353386371917     
   1.1159385301163449E-004  0.32319697511202644     
   1.1169385301163443E-004  0.32293623561425616     
   1.1179385301163438E-004  0.32267647102174685     
   1.1189385301163433E-004  0.32241481353245693     
   1.1199385301163428E-004  0.32215159502552704     
   1.1209385301163423E-004  0.32189170703834463     
   1.1219385301163418E-004  0.32163107177841205     
   1.1229385301163412E-004  0.32136813594167213     
   1.1239385301163407E-004  0.32110844609845141     
   1.1249385301163402E-004  0.32085235350396679     
   1.1259385301163397E-004  0.32059228943390300     
   1.1269385301163392E-004  0.32032842444201476     
   1.1279385301163386E-004  0.32006546071227282     
   1.1289385301163381E-004  0.31980148241105055     
   1.1299385301163376E-004  0.31953499863650681     
   1.1309385301163371E-004  0.31927199043194537     
   1.1319385301163366E-004  0.31901265537940032     
   1.1329385301163361E-004  0.31875177005870919     
   1.1339385301163355E-004  0.31848960774995050     
   1.1349385301163350E-004  0.31822563228834416     
   1.1359385301163345E-004  0.31795958478952568     
   1.1369385301163340E-004  0.31769182381542205     
   1.1379385301163335E-004  0.31742031929351067     
   1.1389385301163329E-004  0.31714122987205368     
   1.1399385301163324E-004  0.31685812722736123     
   1.1409385301163319E-004  0.31657153978183544     
   1.1419385301163314E-004  0.31627919191999271     
   1.1429385301163309E-004  0.31598406564879039     
   1.1439385301163304E-004  0.31568477745582191     
   1.1449385301163298E-004  0.31538627105682226     
   1.1459385301163293E-004  0.31508599095272721     
   1.1469385301163288E-004  0.31478619872352626     
   1.1479385301163283E-004  0.31448785973049165     
   1.1489385301163278E-004  0.31419328372574534     
   1.1499385301163273E-004  0.31390277718184939     
   1.1509385301163267E-004  0.31361218477312469     
   1.1519385301163262E-004  0.31331987008788520     
   1.1529385301163257E-004  0.31302296457134970     
   1.1539385301163252E-004  0.31272895444689613     
   1.1549385301163247E-004  0.31244013070733906     
   1.1559385301163241E-004  0.31215151581139422     
   1.1569385301163236E-004  0.31185896088906162     
   1.1579385301163231E-004  0.31156630253473783     
   1.1589385301163226E-004  0.31127590522053195     
   1.1599385301163221E-004  0.31098802564158867     
   1.1609385301163216E-004  0.31070014406450125     
   1.1619385301163210E-004  0.31041481996800185     
   1.1629385301163205E-004  0.31013015685591405     
   1.1639385301163200E-004  0.30984561121581228     
   1.1649385301163195E-004  0.30955978918157057     
   1.1659385301163190E-004  0.30927572544191756     
   1.1669385301163185E-004  0.30899688379494034     
   1.1679385301163179E-004  0.30872263380949799     
   1.1689385301163174E-004  0.30844992778116459     
   1.1699385301163169E-004  0.30817596295315469     
   1.1709385301163164E-004  0.30789805624839989     
   1.1719385301163159E-004  0.30761732012582049     
   1.1729385301163153E-004  0.30734088174133511     
   1.1739385301163148E-004  0.30706734223660265     
   1.1749385301163143E-004  0.30679603474513584     
   1.1759385301163138E-004  0.30652799814464715     
   1.1769385301163133E-004  0.30626058696185576     
   1.1779385301163128E-004  0.30599545458943012     
   1.1789385301163122E-004  0.30573301822610721     
   1.1799385301163117E-004  0.30547209251905438     
   1.1809385301163112E-004  0.30521463543797800     
   1.1819385301163107E-004  0.30496196219671179     
   1.1829385301163102E-004  0.30471025544550778     
   1.1839385301163096E-004  0.30446112644721446     
   1.1849385301163091E-004  0.30421429217753554     
   1.1859385301163086E-004  0.30397306869618723     
   1.1869385301163081E-004  0.30373715711492583     
   1.1879385301163076E-004  0.30350409537054596     
   1.1889385301163071E-004  0.30327173589942130     
   1.1899385301163065E-004  0.30303948113423379     
   1.1909385301163060E-004  0.30280211267463414     
   1.1919385301163055E-004  0.30256208722932931     
   1.1929385301163050E-004  0.30232413483293680     
   1.1939385301163045E-004  0.30208874418309400     
   1.1949385301163040E-004  0.30185695635976328     
   1.1959385301163034E-004  0.30162338004943218     
   1.1969385301163029E-004  0.30139030497285868     
   1.1979385301163024E-004  0.30115644395656671     
   1.1989385301163019E-004  0.30092027491686041     
   1.1999385301163014E-004  0.30068027404333081     
