# RMS shrinking factor for the case B1Ra8CT01
   1.0999999999999998E-007  0.99999961072495713     
   2.1000000000000008E-007  0.99999825318404145     
   3.1000000000000016E-007  0.99999460899975001     
   4.1000000000000026E-007  0.99998738681599086     
   5.1000000000000031E-007  0.99997532190742644     
   6.1000000000000041E-007  0.99995638216828697     
   7.1000000000000051E-007  0.99993105221334833     
   8.1000000000000061E-007  0.99989664311496418     
   9.1000000000000071E-007  0.99986426730384381     
   1.0100000000000003E-006  0.99984435910011382     
   1.1099999999999993E-006  0.99984062799324780     
   2.0000000000000000E-008  0.99983824413001698     
   1.2999999999999975E-006  0.99980875435076644     
   1.3999999999999965E-006  0.99980637449008392     
   1.4999999999999956E-006  0.99980401318025369     
   1.5999999999999946E-006  0.99980167132442599     
   1.6999999999999937E-006  0.99979934756667965     
   1.7999999999999927E-006  0.99979704289191562     
   1.8999999999999918E-006  0.99979475902813575     
   1.9999999999999910E-006  0.99979249640006740     
   2.0999999999999901E-006  0.99979025590602810     
   2.1999999999999891E-006  0.99978803734280630     
   2.2999999999999881E-006  0.99978583953672018     
   2.3999999999999872E-006  0.99978366201869917     
   2.4999999999999862E-006  0.99978150608867711     
   2.5999999999999853E-006  0.99977936862153027     
   2.6999999999999843E-006  0.99977724846964244     
   2.7999999999999834E-006  0.99977514776964482     
   2.8999999999999824E-006  0.99977306557544554     
   2.9999999999999814E-006  0.99977100174087197     
   3.0999999999999805E-006  0.99976895281788192     
   3.1999999999999795E-006  0.99976691804932794     
   3.2999999999999786E-006  0.99976489905504018     
   3.3999999999999776E-006  0.99976289713647548     
   3.4999999999999767E-006  0.99976091038933146     
   3.5999999999999757E-006  0.99975893493076529     
   3.6999999999999747E-006  0.99975696821896931     
   3.7999999999999738E-006  0.99975501086496099     
   3.8999999999999728E-006  0.99975305754632793     
   3.9999999999999719E-006  0.99975110994986538     
   4.0999999999999709E-006  0.99974916568565853     
   4.1999999999999700E-006  0.99974722324567278     
   4.2999999999999690E-006  0.99974527905592181     
   4.3999999999999680E-006  0.99974333345060074     
   4.4999999999999671E-006  0.99974138168076210     
   4.5999999999999661E-006  0.99973942803448035     
   4.6999999999999652E-006  0.99973746490195214     
   4.7999999999999642E-006  0.99973549168778097     
   4.8999999999999632E-006  0.99973351550282008     
   4.9999999999999623E-006  0.99973153034996376     
   5.0999999999999613E-006  0.99972953450924673     
   5.1999999999999604E-006  0.99972752072525650     
   5.2999999999999594E-006  0.99972548444908305     
   5.3999999999999585E-006  0.99972343020021570     
   5.4999999999999575E-006  0.99972134990541850     
   5.5999999999999565E-006  0.99971923584226330     
   5.6999999999999556E-006  0.99971708947663751     
   5.7999999999999546E-006  0.99971489786005030     
   5.8999999999999537E-006  0.99971267147069376     
   5.9999999999999527E-006  0.99971040579774539     
   6.0999999999999518E-006  0.99970810658122000     
   6.1999999999999508E-006  0.99970576770476283     
   6.2999999999999498E-006  0.99970337213928906     
   6.3999999999999489E-006  0.99970092210478867     
   6.4999999999999479E-006  0.99969839391165927     
   6.5999999999999470E-006  0.99969579030773459     
   6.6999999999999460E-006  0.99969311689495133     
   6.7999999999999451E-006  0.99969036962353663     
   6.8999999999999441E-006  0.99968754177827257     
   6.9999999999999431E-006  0.99968463066704472     
   7.0999999999999422E-006  0.99968163705392610     
   7.1999999999999412E-006  0.99967853621665537     
   7.2999999999999403E-006  0.99967533592017244     
   7.3999999999999393E-006  0.99967203035447394     
   7.4999999999999384E-006  0.99966861035338206     
   7.5999999999999374E-006  0.99966507155382200     
   7.6999999999999364E-006  0.99966140795406311     
   7.7999999999999355E-006  0.99965761149421239     
   7.8999999999999345E-006  0.99965366910751352     
   7.9999999999999336E-006  0.99964957312184666     
   8.0999999999999326E-006  0.99964531297489512     
   8.1999999999999317E-006  0.99964087337768148     
   8.2999999999999307E-006  0.99963625166996428     
   8.3999999999999297E-006  0.99963137802713198     
   8.4999999999999288E-006  0.99962625607463118     
   8.5999999999999278E-006  0.99962089672096310     
   8.6999999999999269E-006  0.99961528509483277     
   8.7999999999999259E-006  0.99960943205091513     
   8.8999999999999250E-006  0.99960332299812404     
   8.9999999999999240E-006  0.99959691433177289     
   9.0999999999999230E-006  0.99959021578429719     
   9.1999999999999221E-006  0.99958321417675899     
   9.2999999999999211E-006  0.99957588928314767     
   9.3999999999999202E-006  0.99956822526850153     
   9.4999999999999192E-006  0.99956022016620738     
   9.5999999999999183E-006  0.99955183553916105     
   9.6999999999999173E-006  0.99954306317412667     
   9.7999999999999163E-006  0.99953385682471063     
   9.8999999999999154E-006  0.99952424074714197     
   9.9999999999999144E-006  0.99951420325743456     
   1.0099999999999913E-005  0.99950373910009560     
   1.0199999999999913E-005  0.99949275850259900     
   1.0299999999999912E-005  0.99948124886408818     
   1.0399999999999911E-005  0.99946923548290534     
   1.0499999999999910E-005  0.99945668938407939     
   1.0599999999999909E-005  0.99944357843005605     
   1.0699999999999908E-005  0.99942988374730768     
   1.0799999999999907E-005  0.99941556888111627     
   1.0899999999999906E-005  0.99940061266388747     
   1.0999999999999905E-005  0.99938498373265627     
   1.1099999999999904E-005  0.99936862649853164     
   1.1199999999999903E-005  0.99935150453693755     
   1.1299999999999902E-005  0.99933365011428665     
   1.1399999999999901E-005  0.99931499836356352     
   1.1499999999999900E-005  0.99929547950406927     
   1.1599999999999899E-005  0.99927509094484501     
   1.1699999999999898E-005  0.99925378122896857     
   1.1799999999999897E-005  0.99923146440741162     
   1.1899999999999896E-005  0.99920813815007548     
   1.1999999999999895E-005  0.99918377939397318     
   1.2099999999999894E-005  0.99915843236436130     
   1.2199999999999893E-005  0.99913209177282958     
   1.2299999999999892E-005  0.99910472885783819     
   1.2399999999999891E-005  0.99907639685602023     
   1.2499999999999890E-005  0.99904692031340758     
   1.2599999999999890E-005  0.99901624026427083     
   1.2699999999999889E-005  0.99898436844331828     
   1.2799999999999888E-005  0.99895126870697804     
   1.2899999999999887E-005  0.99891693803997317     
   1.2999999999999886E-005  0.99888131754557430     
   1.3099999999999885E-005  0.99884433205687262     
   1.3199999999999884E-005  0.99880585622104623     
   1.3299999999999883E-005  0.99876584258142453     
   1.3399999999999882E-005  0.99872425112105967     
   1.3499999999999881E-005  0.99868098837561337     
   1.3599999999999880E-005  0.99863593747737067     
   1.3699999999999879E-005  0.99858898164489596     
   1.3799999999999878E-005  0.99853997916726800     
   1.3899999999999877E-005  0.99848888856038731     
   1.3999999999999876E-005  0.99843568656678761     
   1.4099999999999875E-005  0.99838036150697873     
   1.4199999999999874E-005  0.99832275938384829     
   1.4299999999999873E-005  0.99826272309783182     
   1.4399999999999872E-005  0.99820004279784513     
   1.4499999999999871E-005  0.99813449251598219     
   1.4599999999999870E-005  0.99806609283396852     
   1.4699999999999869E-005  0.99799474796907761     
   1.4799999999999868E-005  0.99792035880916286     
   1.4899999999999868E-005  0.99784273183607508     
   1.4999999999999867E-005  0.99776158801551895     
   1.5099999999999866E-005  0.99767669334081388     
   1.5199999999999865E-005  0.99758788240806195     
   1.5299999999999870E-005  0.99749477269154385     
   1.5399999999999886E-005  0.99739731835647927     
   1.5499999999999902E-005  0.99729524593081875     
   1.5599999999999918E-005  0.99718818288256572     
   1.5699999999999934E-005  0.99707591848438504     
   1.5799999999999950E-005  0.99695811901497644     
   1.5899999999999966E-005  0.99683423888302158     
   1.5999999999999982E-005  0.99670379873629955     
   1.6099999999999998E-005  0.99656638453706159     
   1.6200000000000014E-005  0.99642167269139237     
   1.6300000000000030E-005  0.99626836380419070     
   1.6400000000000046E-005  0.99610607714541277     
   1.6500000000000062E-005  0.99593399499065094     
   1.6600000000000078E-005  0.99575128858955220     
   1.6700000000000094E-005  0.99555634042843244     
   1.6800000000000110E-005  0.99534757128722584     
   1.6900000000000126E-005  0.99512310591914355     
   1.7000000000000142E-005  0.99488071153566160     
   1.7100000000000158E-005  0.99461886723406323     
   1.7200000000000174E-005  0.99433584277886378     
   1.7300000000000190E-005  0.99403020994145230     
   1.7400000000000206E-005  0.99369966309766489     
   1.7500000000000222E-005  0.99334198453679556     
   1.7600000000000238E-005  0.99295448737777947     
   1.7700000000000254E-005  0.99253446664190215     
   1.7800000000000270E-005  0.99207766328105751     
   1.7900000000000286E-005  0.99157946056366231     
   1.8000000000000302E-005  0.99103614426620201     
   1.8100000000000318E-005  0.99044314434687653     
   1.8200000000000334E-005  0.98979616834999440     
   1.8300000000000350E-005  0.98908923298164009     
   1.8400000000000366E-005  0.98831528048360762     
   1.8500000000000382E-005  0.98746911136294879     
   1.8600000000000398E-005  0.98654663372815687     
   1.8700000000000414E-005  0.98554531600285922     
   1.8800000000000430E-005  0.98446308649173730     
   1.8900000000000446E-005  0.98329540377588731     
   1.9000000000000462E-005  0.98203501767418755     
   1.9100000000000478E-005  0.98067104451649623     
   1.9200000000000494E-005  0.97919319493265622     
   1.9300000000000510E-005  0.97759804383491766     
   1.9400000000000526E-005  0.97588260917249003     
   1.9500000000000542E-005  0.97404285831496140     
   1.9600000000000558E-005  0.97207157671187339     
   1.9700000000000574E-005  0.96995818824864144     
   1.9800000000000590E-005  0.96768229779847892     
   1.9900000000000606E-005  0.96523108389042012     
   2.0000000000000622E-005  0.96260399931621476     
   2.0100000000000638E-005  0.95980166605868078     
   2.0200000000000654E-005  0.95681358951107132     
   2.0300000000000670E-005  0.95363261085822637     
   2.0400000000000686E-005  0.95024667633169635     
   2.0500000000000702E-005  0.94664436118312101     
   2.0600000000000718E-005  0.94281727779049984     
   2.0700000000000734E-005  0.93876498265153541     
   2.0800000000000750E-005  0.93446677886343033     
   2.0900000000000766E-005  0.92992243074303127     
   2.1000000000000781E-005  0.92513098104700808     
   2.1100000000000797E-005  0.92009019216934285     
   2.1200000000000813E-005  0.91479404178573376     
   2.1300000000000829E-005  0.90924218608299834     
   2.1400000000000845E-005  0.90343104280979247     
   2.1500000000000861E-005  0.89737026580561496     
   2.1600000000000877E-005  0.89106134738057952     
   2.1700000000000893E-005  0.88451241281470239     
   2.1800000000000909E-005  0.87772628155993315     
   2.1900000000000925E-005  0.87071707553706368     
   2.2000000000000941E-005  0.86349998969779684     
   2.2100000000000957E-005  0.85608048203443143     
   2.2200000000000973E-005  0.84847960711015535     
   2.2300000000000989E-005  0.84072204790813521     
   2.2400000000001005E-005  0.83282924443100248     
   2.2500000000001021E-005  0.82481871808548901     
   2.2600000000001037E-005  0.81671779633911934     
   2.2700000000001053E-005  0.80854564378939009     
   2.2800000000001069E-005  0.80033018193049277     
   2.2900000000001085E-005  0.79210472276216504     
   2.3000000000001101E-005  0.78389003712157468     
   2.3100000000001117E-005  0.77570903816782932     
   2.3200000000001133E-005  0.76756396408882266     
   2.3300000000001149E-005  0.75947074757362987     
   2.3400000000001165E-005  0.75145485527493650     
   2.3500000000001181E-005  0.74354624313234707     
   2.3600000000001197E-005  0.73575620367646088     
   2.3700000000001213E-005  0.72807892527149110     
   2.3800000000001229E-005  0.72050189784467100     
   2.3900000000001245E-005  0.71303967245317934     
   2.4000000000001261E-005  0.70571373572703500     
   2.4100000000001277E-005  0.69852436335051271     
   2.4200000000001293E-005  0.69150215500011591     
   2.4300000000001309E-005  0.68467418682077708     
   2.4400000000001325E-005  0.67805426606759833     
   2.4500000000001341E-005  0.67163541690018069     
   2.4600000000001357E-005  0.66541254263252958     
   2.4700000000001373E-005  0.65939949828202660     
   2.4800000000001389E-005  0.65359130869095716     
   2.4900000000001405E-005  0.64796318651751073     
   2.5000000000001421E-005  0.64250150147152152     
   2.5100000000001437E-005  0.63722617952892935     
   2.5200000000001453E-005  0.63215427570912486     
   2.5300000000001469E-005  0.62728412403907297     
   2.5400000000001485E-005  0.62259261835085467     
   2.5500000000001501E-005  0.61806756626639414     
   2.5600000000001517E-005  0.61371175060288030     
   2.5700000000001533E-005  0.60952684458401529     
   2.5800000000001549E-005  0.60550586388812044     
   2.5900000000001565E-005  0.60164592655605020     
   2.6000000000001581E-005  0.59794185949971068     
   2.6100000000001597E-005  0.59438323716524166     
   2.6200000000001613E-005  0.59096445891862126     
   2.6300000000001629E-005  0.58768586761922381     
   2.6400000000001645E-005  0.58454578005006308     
   2.6500000000001661E-005  0.58153404999423686     
   2.6600000000001677E-005  0.57864751918183843     
   2.6700000000001693E-005  0.57588816163687251     
   2.6800000000001709E-005  0.57325507563890199     
   2.6900000000001725E-005  0.57074739637394367     
   2.7000000000001740E-005  0.56836999234729213     
   2.7100000000001756E-005  0.56611198267515916     
   2.7200000000001772E-005  0.56396898778552507     
   2.7300000000001788E-005  0.56194218260451556     
   2.7400000000001804E-005  0.56002562640312137     
   2.7500000000001820E-005  0.55821649985751687     
   2.7600000000001836E-005  0.55651334438795774     
   2.7700000000001852E-005  0.55490710931579901     
   2.7800000000001868E-005  0.55339393196850650     
   2.7900000000001884E-005  0.55195881498001276     
   2.8000000000001900E-005  0.55059562835332809     
   2.8100000000001916E-005  0.54930364776558072     
   2.8200000000001932E-005  0.54807239519679996     
   2.8300000000001948E-005  0.54690468202730036     
   2.8400000000001964E-005  0.54579215818263549     
   2.8500000000001980E-005  0.54472787073642237     
   2.8600000000001996E-005  0.54369916714002109     
   2.8700000000002012E-005  0.54271186520697745     
   2.8800000000002028E-005  0.54176785048869636     
   2.8900000000002044E-005  0.54086276949591250     
   2.9000000000002060E-005  0.53999194574277887     
   2.9100000000002076E-005  0.53915392681135832     
   2.9200000000002092E-005  0.53835066500925977     
   2.9300000000002108E-005  0.53757006733972890     
   2.9400000000002124E-005  0.53679003065153708     
   2.9500000000002140E-005  0.53601763923052059     
   2.9600000000002156E-005  0.53526392199227713     
   2.9700000000002172E-005  0.53452981033002234     
   2.9800000000002188E-005  0.53381476040361320     
   2.9900000000002204E-005  0.53311854743432141     
   3.0000000000002220E-005  0.53243766882893417     
   3.0100000000002236E-005  0.53176861573647227     
   3.0200000000002252E-005  0.53111252998245684     
   3.0300000000002268E-005  0.53046697429804524     
   3.0400000000002284E-005  0.52983262018767519     
   3.0500000000002300E-005  0.52921255917356502     
   3.0600000000002316E-005  0.52860716739672942     
   3.0700000000002332E-005  0.52801703298363845     
   3.0800000000002348E-005  0.52744319081027424     
   3.0900000000002364E-005  0.52688547263730956     
   3.1000000000002380E-005  0.52634492302417635     
   3.1100000000002396E-005  0.52582159948738738     
   3.1200000000002412E-005  0.52531546357957060     
   3.1300000000002428E-005  0.52482041864253215     
   3.1400000000002444E-005  0.52433927800747437     
   3.1500000000002460E-005  0.52387297934216748     
   3.1600000000002476E-005  0.52342078879260368     
   3.1700000000002492E-005  0.52298240786477557     
   3.1800000000002508E-005  0.52255732485241191     
   3.1900000000002524E-005  0.52214606312175171     
   3.2000000000002540E-005  0.52175023858278191     
   3.2100000000002556E-005  0.52136894391141242     
   3.2200000000002572E-005  0.52100096846397637     
   3.2300000000002588E-005  0.52064692876211582     
   3.2400000000002604E-005  0.52030782212822424     
   3.2500000000002620E-005  0.51997979122053983     
   3.2600000000002636E-005  0.51966153513881241     
   3.2700000000002652E-005  0.51935383989904849     
   3.2800000000002668E-005  0.51905879699008395     
   3.2900000000002683E-005  0.51877648478143479     
   3.3000000000002699E-005  0.51850449107471364     
   3.3100000000002715E-005  0.51824406058868089     
   3.3200000000002731E-005  0.51799581837106612     
   3.3300000000002747E-005  0.51775920238198081     
   3.3400000000002763E-005  0.51753526549933437     
   3.3500000000002779E-005  0.51732210394674605     
   3.3600000000002795E-005  0.51711906974301936     
   3.3700000000002811E-005  0.51692684278808065     
   3.3800000000002827E-005  0.51674469832898418     
   3.3900000000002843E-005  0.51657195056384864     
   3.4000000000002859E-005  0.51640799689978178     
   3.4100000000002875E-005  0.51625170036736612     
   3.4200000000002891E-005  0.51609924921397132     
   3.4300000000002907E-005  0.51594723629466710     
   3.4400000000002923E-005  0.51579615368795262     
   3.4500000000002939E-005  0.51564359304165575     
   3.4600000000002955E-005  0.51549061398535279     
   3.4700000000002971E-005  0.51533489450321701     
   3.4800000000002987E-005  0.51517461246659191     
   3.4900000000003003E-005  0.51501038820316702     
   3.5000000000003019E-005  0.51483997513491531     
   3.5100000000003035E-005  0.51466431406776525     
   3.5200000000003051E-005  0.51447869666772017     
   3.5300000000003067E-005  0.51428886088922920     
   3.5400000000003083E-005  0.51409526593010169     
   3.5500000000003099E-005  0.51389767799676545     
   3.5600000000003115E-005  0.51369755933249606     
   3.5700000000003131E-005  0.51349469052579733     
   3.5800000000003147E-005  0.51328679392219367     
   3.5900000000003163E-005  0.51307672035644980     
   3.6000000000003179E-005  0.51286310791420620     
   3.6100000000003195E-005  0.51264906057830217     
   3.6200000000003211E-005  0.51243407219446624     
   3.6300000000003227E-005  0.51221891390893470     
   3.6400000000003243E-005  0.51200286898512393     
   3.6500000000003259E-005  0.51178238036125512     
   3.6600000000003275E-005  0.51155692926591256     
   3.6700000000003291E-005  0.51132747608658990     
   3.6800000000003307E-005  0.51109381316239211     
   3.6900000000003323E-005  0.51085691501081321     
   3.7000000000003339E-005  0.51061703224346233     
   3.7100000000003355E-005  0.51037421595117027     
   3.7200000000003371E-005  0.51013050412413941     
   3.7300000000003387E-005  0.50988502995210860     
   3.7400000000003403E-005  0.50963805471185353     
   3.7500000000003419E-005  0.50938776311133749     
   3.7600000000003435E-005  0.50913360278952291     
   3.7700000000003451E-005  0.50887661661264694     
   3.7800000000003467E-005  0.50861571052984289     
   3.7900000000003483E-005  0.50835039008093041     
   3.8000000000003499E-005  0.50808217870344619     
   3.8100000000003515E-005  0.50781144386525967     
   3.8200000000003531E-005  0.50753957616320555     
   3.8300000000003547E-005  0.50726731867329655     
   3.8400000000003563E-005  0.50699452694821379     
   3.8500000000003579E-005  0.50672196047551454     
   3.8600000000003595E-005  0.50644783786273362     
   3.8700000000003611E-005  0.50617332389868941     
   3.8800000000003627E-005  0.50589984781718189     
   3.8900000000003642E-005  0.50562811191787405     
   3.9000000000003658E-005  0.50535667741185430     
   3.9100000000003674E-005  0.50508439787740023     
   3.9200000000003690E-005  0.50481116868934639     
   3.9300000000003706E-005  0.50453841773778818     
   3.9400000000003722E-005  0.50426610187744203     
   3.9500000000003738E-005  0.50399400282616780     
   3.9600000000003754E-005  0.50372282483305597     
   3.9700000000003770E-005  0.50345119815311379     
   3.9800000000003786E-005  0.50318025833397639     
   3.9900000000003802E-005  0.50290962523002236     
   4.0000000000003818E-005  0.50264027066161332     
   4.0100000000003834E-005  0.50237171431887140     
   4.0200000000003850E-005  0.50210298999765279     
   4.0300000000003866E-005  0.50183490790110907     
   4.0400000000003882E-005  0.50156827506106449     
   4.0500000000003898E-005  0.50130237203995764     
   4.0600000000003914E-005  0.50103834849231732     
   4.0700000000003930E-005  0.50077510146053295     
   4.0800000000003946E-005  0.50051336384501344     
   4.0900000000003962E-005  0.50025427338694750     
   4.1000000000003978E-005  0.49999783466067377     
   4.1100000000003994E-005  0.49974380845316879     
   4.1200000000004010E-005  0.49949204638169342     
   4.1300000000004026E-005  0.49924168577441846     
   4.1400000000004042E-005  0.49898888403576630     
   4.1500000000004058E-005  0.49873675779526594     
   4.1600000000004074E-005  0.49848793207844039     
   4.1700000000004090E-005  0.49824345148006660     
   4.1800000000004106E-005  0.49800238249425921     
   4.1900000000004122E-005  0.49776459947487495     
   4.2000000000004138E-005  0.49752905761283672     
   4.2100000000004154E-005  0.49729723347529986     
   4.2200000000004170E-005  0.49706841331756857     
   4.2300000000004186E-005  0.49684299314526420     
   4.2400000000004202E-005  0.49662042936873568     
   4.2500000000004218E-005  0.49640025608979838     
   4.2600000000004234E-005  0.49618304699640620     
   4.2700000000004250E-005  0.49596908112294463     
   4.2800000000004266E-005  0.49575884225413835     
   4.2900000000004282E-005  0.49555234355402389     
   4.3000000000004298E-005  0.49534910199406817     
   4.3100000000004314E-005  0.49514958583560975     
   4.3200000000004330E-005  0.49495394024644712     
   4.3300000000004346E-005  0.49476254982503165     
   4.3400000000004362E-005  0.49457552997151694     
   4.3500000000004378E-005  0.49439312521774520     
   4.3600000000004394E-005  0.49421508147008453     
   4.3700000000004410E-005  0.49404142381798305     
   4.3800000000004426E-005  0.49387200385839480     
   4.3900000000004442E-005  0.49370629981603686     
   4.4000000000004458E-005  0.49354432217822242     
   4.4100000000004474E-005  0.49338562749495618     
   4.4200000000004490E-005  0.49323032065172556     
   4.4300000000004506E-005  0.49307859343343374     
   4.4400000000004522E-005  0.49292964528374789     
   4.4500000000004538E-005  0.49278438687871640     
   4.4600000000004554E-005  0.49264286020400078     
   4.4700000000004570E-005  0.49250427731426988     
   4.4800000000004586E-005  0.49236875223965565     
   4.4900000000004601E-005  0.49223677243354635     
   4.5000000000004617E-005  0.49210845711211654     
   4.5100000000004633E-005  0.49198327137895420     
   4.5200000000004649E-005  0.49186092021341554     
   4.5300000000004665E-005  0.49174123810545345     
   4.5400000000004681E-005  0.49162480876983461     
   4.5500000000004697E-005  0.49151205094524530     
   4.5600000000004713E-005  0.49140296145130613     
   4.5700000000004729E-005  0.49129702537929704     
   4.5800000000004745E-005  0.49119441196942631     
   4.5900000000004761E-005  0.49109454648309775     
   4.6000000000004777E-005  0.49099766251376642     
   4.6100000000004793E-005  0.49090352060670522     
   4.6200000000004809E-005  0.49081146416114441     
   4.6300000000004825E-005  0.49072200124855037     
   4.6400000000004841E-005  0.49063486970846371     
   4.6500000000004857E-005  0.49055044806123099     
   4.6600000000004873E-005  0.49046899002733468     
   4.6700000000004889E-005  0.49039027230333049     
   4.6800000000004905E-005  0.49031446770400305     
   4.6900000000004921E-005  0.49024147602116741     
   4.7000000000004937E-005  0.49017150183506497     
   4.7100000000004953E-005  0.49010480531012596     
   4.7200000000004969E-005  0.49004095633346045     
   4.7300000000004985E-005  0.48997962040937509     
   4.7400000000005001E-005  0.48992098657869915     
   4.7500000000005017E-005  0.48986448899126800     
   4.7600000000005033E-005  0.48981048070284700     
   4.7700000000005049E-005  0.48975939780578603     
   4.7800000000005065E-005  0.48971121752576907     
   4.7900000000005081E-005  0.48966611905819313     
   4.8000000000005097E-005  0.48962393885743194     
   4.8100000000005113E-005  0.48958444499748027     
   4.8200000000005129E-005  0.48954727148842497     
   4.8300000000005145E-005  0.48951248121656127     
   4.8400000000005161E-005  0.48948068145475404     
   4.8500000000005177E-005  0.48945160094782186     
   4.8600000000005193E-005  0.48942527900144406     
   4.8700000000005209E-005  0.48940171931554971     
   4.8800000000005225E-005  0.48938043266371145     
   4.8900000000005241E-005  0.48936172603220734     
   4.9000000000005257E-005  0.48934524169791777     
   4.9100000000005273E-005  0.48933046610864717     
   4.9200000000005289E-005  0.48931722721858806     
   4.9300000000005305E-005  0.48930603396878530     
   4.9400000000005321E-005  0.48929631371972415     
   4.9500000000005337E-005  0.48928811841654785     
   4.9600000000005353E-005  0.48928211160508944     
   4.9700000000005369E-005  0.48927845368703238     
   4.9800000000005385E-005  0.48927717777534757     
   4.9900000000005401E-005  0.48927801102447493     
   5.0000000000005417E-005  0.48928106927682652     
   5.0100000000005433E-005  0.48928620417070001     
   5.0200000000005449E-005  0.48929336446932381     
   5.0300000000005465E-005  0.48930218816833637     
   5.0400000000005481E-005  0.48931249951872841     
   5.0500000000005497E-005  0.48932453309469010     
   5.0600000000005513E-005  0.48933822976785241     
   5.0700000000005529E-005  0.48935343510180368     
   5.0800000000005544E-005  0.48936974908174657     
   5.0900000000005560E-005  0.48938759892549905     
   5.1000000000005576E-005  0.48940671305566258     
   5.1100000000005592E-005  0.48942700570662667     
   5.1200000000005608E-005  0.48944845152039090     
   5.1300000000005624E-005  0.48947091122073605     
   5.1400000000005640E-005  0.48949465341191761     
   5.1500000000005656E-005  0.48951981074365408     
   5.1600000000005672E-005  0.48954599465747650     
   5.1700000000005688E-005  0.48957304956289582     
   5.1800000000005704E-005  0.48960080033353437     
   5.1900000000005720E-005  0.48962856165541152     
   5.2000000000005736E-005  0.48965608439336522     
   5.2100000000005752E-005  0.48968320995983039     
   5.2200000000005768E-005  0.48970966742640426     
   5.2300000000005784E-005  0.48973598873475183     
   5.2400000000005800E-005  0.48976206701246072     
   5.2500000000005816E-005  0.48978812557999540     
   5.2600000000005832E-005  0.48981440208932453     
   5.2700000000005848E-005  0.48984009636783893     
   5.2800000000005864E-005  0.48986484505131916     
   5.2900000000005880E-005  0.48988844593567682     
   5.3000000000005896E-005  0.48991076124778088     
   5.3100000000005912E-005  0.48993075018885862     
   5.3200000000005928E-005  0.48994756668286971     
   5.3300000000005944E-005  0.48996165394220692     
   5.3400000000005960E-005  0.48997348024910792     
   5.3500000000005976E-005  0.48998285885632531     
   5.3600000000005992E-005  0.48998955956067242     
   5.3700000000006008E-005  0.48999414120290558     
   5.3800000000006024E-005  0.48999654885323701     
   5.3900000000006040E-005  0.48999589396610915     
   5.4000000000006056E-005  0.48999215003058239     
   5.4100000000006072E-005  0.48998555619089912     
   5.4200000000006088E-005  0.48997658169771702     
   5.4300000000006104E-005  0.48996549751142210     
   5.4400000000006120E-005  0.48995237783434770     
   5.4500000000006136E-005  0.48993727752550909     
   5.4600000000006152E-005  0.48992040115372831     
   5.4700000000006168E-005  0.48990156309321470     
   5.4800000000006184E-005  0.48988029184510828     
   5.4900000000006200E-005  0.48985601396445322     
   5.5000000000006216E-005  0.48982910223975096     
   5.5100000000006232E-005  0.48979974974872492     
   5.5200000000006248E-005  0.48976832882133670     
   5.5300000000006264E-005  0.48973357905251735     
   5.5400000000006280E-005  0.48969657599510441     
   5.5500000000006296E-005  0.48965741795950329     
   5.5600000000006312E-005  0.48961615514081086     
   5.5700000000006328E-005  0.48957261912529465     
   5.5800000000006344E-005  0.48952685935206047     
   5.5900000000006360E-005  0.48947917402525720     
   5.6000000000006376E-005  0.48942949559760424     
   5.6100000000006392E-005  0.48937804733617468     
   5.6200000000006408E-005  0.48932475938326825     
   5.6300000000006424E-005  0.48926965200252276     
   5.6400000000006440E-005  0.48921273956477102     
   5.6500000000006456E-005  0.48915395951892193     
   5.6600000000006472E-005  0.48909324028048540     
   5.6700000000006488E-005  0.48903000842284539     
   5.6800000000006503E-005  0.48896393352216561     
   5.6900000000006519E-005  0.48889454395180543     
   5.7000000000006535E-005  0.48882184941606421     
   5.7100000000006551E-005  0.48874546098064986     
   5.7200000000006567E-005  0.48866551776513029     
   5.7300000000006583E-005  0.48858225501255120     
   5.7400000000006599E-005  0.48849562906930788     
   5.7500000000006615E-005  0.48840618436594546     
   5.7600000000006631E-005  0.48831405485809298     
   5.7700000000006647E-005  0.48821960050569141     
   5.7800000000006663E-005  0.48812253035258896     
   5.7900000000006679E-005  0.48802317727264050     
   5.8000000000006695E-005  0.48792193541535844     
   5.8100000000006711E-005  0.48781919486978598     
   5.8200000000006727E-005  0.48771515919337410     
   5.8300000000006743E-005  0.48760970450958602     
   5.8400000000006759E-005  0.48750256151246835     
   5.8500000000006775E-005  0.48739383858414548     
   5.8600000000006791E-005  0.48728385776732014     
   5.8700000000006807E-005  0.48717302076016106     
   5.8800000000006823E-005  0.48706112165895926     
   5.8900000000006839E-005  0.48694826558967169     
   5.9000000000006855E-005  0.48683436758873955     
   5.9100000000006871E-005  0.48671918043247747     
   5.9200000000006887E-005  0.48660302870004363     
   5.9300000000006903E-005  0.48648603390259193     
   5.9400000000006919E-005  0.48636779485662146     
   5.9500000000006935E-005  0.48624800879961688     
   5.9600000000006951E-005  0.48612674100541353     
   5.9700000000006967E-005  0.48600434850252849     
   5.9800000000006983E-005  0.48588091351356466     
   5.9900000000006999E-005  0.48575659773195434     
   6.0000000000007015E-005  0.48563170223198965     
   6.0100000000007031E-005  0.48550555909624987     
   6.0200000000007047E-005  0.48537813482567838     
   6.0300000000007063E-005  0.48524936521403594     
   6.0400000000007079E-005  0.48511952021596139     
   6.0500000000007095E-005  0.48498875923643320     
   6.0600000000007111E-005  0.48485675025647879     
   6.0700000000007127E-005  0.48472368856093095     
   6.0800000000007143E-005  0.48458921407449285     
   6.0900000000007159E-005  0.48445382691900241     
   6.1000000000007175E-005  0.48431735211162796     
   6.1100000000007150E-005  0.48417972285483529     
   6.1200000000007098E-005  0.48404114863903447     
   6.1300000000007047E-005  0.48390120769191036     
   6.1400000000006995E-005  0.48376018030139856     
   6.1500000000006943E-005  0.48361785655403533     
   6.1600000000006891E-005  0.48347404274267114     
   6.1700000000006839E-005  0.48332852338843546     
   6.1800000000006788E-005  0.48318114247572513     
   6.1900000000006736E-005  0.48303190124377338     
   6.2000000000006684E-005  0.48288026597291789     
   6.2100000000006632E-005  0.48272683868170224     
   6.2200000000006581E-005  0.48257088801290565     
   6.2300000000006529E-005  0.48241372880498717     
   6.2400000000006477E-005  0.48225540495798186     
   6.2500000000006425E-005  0.48209611400357305     
   6.2600000000006373E-005  0.48193574841550513     
   6.2700000000006322E-005  0.48177446709764293     
   6.2800000000006270E-005  0.48161215803361423     
   6.2900000000006218E-005  0.48144913448962401     
   6.3000000000006166E-005  0.48128565366382131     
   6.3100000000006115E-005  0.48112213201032533     
   6.3200000000006063E-005  0.48095834183383768     
   6.3300000000006011E-005  0.48079401733650989     
   6.3400000000005959E-005  0.48062887023877815     
   6.3500000000005907E-005  0.48046313118911871     
   6.3600000000005856E-005  0.48029611777758596     
   6.3700000000005804E-005  0.48012834733053211     
   6.3800000000005752E-005  0.47996041343280388     
   6.3900000000005700E-005  0.47979181837047041     
   6.4000000000005649E-005  0.47962304594153410     
   6.4100000000005597E-005  0.47945392628597050     
   6.4200000000005545E-005  0.47928442841076929     
   6.4300000000005493E-005  0.47911459734948880     
   6.4400000000005441E-005  0.47894564834390713     
   6.4500000000005390E-005  0.47877758068551846     
   6.4600000000005338E-005  0.47861016759238195     
   6.4700000000005286E-005  0.47844344168460878     
   6.4800000000005234E-005  0.47827764522209210     
   6.4900000000005182E-005  0.47811282866750010     
   6.5000000000005131E-005  0.47794850312277820     
   6.5100000000005079E-005  0.47778466868860264     
   6.5200000000005027E-005  0.47762128892655042     
   6.5300000000004975E-005  0.47745776776254079     
   6.5400000000004924E-005  0.47729452446192877     
   6.5500000000004872E-005  0.47713145269134516     
   6.5600000000004820E-005  0.47696968989497446     
   6.5700000000004768E-005  0.47680890020343214     
   6.5800000000004716E-005  0.47664875223290665     
   6.5900000000004665E-005  0.47648893128178005     
   6.6000000000004613E-005  0.47633068465772621     
   6.6100000000004561E-005  0.47617443194862924     
   6.6200000000004509E-005  0.47602034355241574     
   6.6300000000004458E-005  0.47586811539498558     
   6.6400000000004406E-005  0.47571703665302423     
   6.6500000000004354E-005  0.47556725633091690     
   6.6600000000004302E-005  0.47541848267655012     
   6.6700000000004250E-005  0.47527073902686656     
   6.6800000000004199E-005  0.47512414013124943     
   6.6900000000004147E-005  0.47497944256974584     
   6.7000000000004095E-005  0.47483621090619332     
   6.7100000000004043E-005  0.47469463230589137     
   6.7200000000003992E-005  0.47455484138315118     
   6.7300000000003940E-005  0.47441679148738658     
   6.7400000000003888E-005  0.47428070491202484     
   6.7500000000003836E-005  0.47414668190856651     
   6.7600000000003784E-005  0.47401418604255169     
   6.7700000000003733E-005  0.47388315182891438     
   6.7800000000003681E-005  0.47375225377087732     
   6.7900000000003629E-005  0.47362178506012331     
   6.8000000000003577E-005  0.47349228760121825     
   6.8100000000003526E-005  0.47336354180860118     
   6.8200000000003474E-005  0.47323584284923975     
   6.8300000000003422E-005  0.47310939156805409     
   6.8400000000003370E-005  0.47298432775905358     
   6.8500000000003318E-005  0.47286041615602364     
   6.8600000000003267E-005  0.47273739719106261     
   6.8700000000003215E-005  0.47261556313164343     
   6.8800000000003163E-005  0.47249529329022288     
   6.8900000000003111E-005  0.47237634882927843     
   6.9000000000003060E-005  0.47225893588707024     
   6.9100000000003008E-005  0.47214312539734854     
   6.9200000000002956E-005  0.47202867450151531     
   6.9300000000002904E-005  0.47191594607038467     
   6.9400000000002852E-005  0.47180475519526249     
   6.9500000000002801E-005  0.47169515504636739     
   6.9600000000002749E-005  0.47158727742798989     
   6.9700000000002697E-005  0.47148054710417625     
   6.9800000000002645E-005  0.47137520532589006     
   6.9900000000002594E-005  0.47127108329736428     
   7.0000000000002542E-005  0.47116835282455549     
   7.0100000000002490E-005  0.47106741332672536     
   7.0200000000002438E-005  0.47096836779316670     
   7.0300000000002386E-005  0.47087096791601080     
   7.0400000000002335E-005  0.47077491186173681     
   7.0500000000002283E-005  0.47067998693035729     
   7.0600000000002231E-005  0.47058548878430551     
   7.0700000000002179E-005  0.47049199547862169     
   7.0800000000002128E-005  0.47039940644600314     
   7.0900000000002076E-005  0.47030775085439863     
   7.1000000000002024E-005  0.47021717960764992     
   7.1100000000001972E-005  0.47012744025678938     
   7.1200000000001920E-005  0.47003867654095161     
   7.1300000000001869E-005  0.46995103289458878     
   7.1400000000001817E-005  0.46986442006874651     
   7.1500000000001765E-005  0.46977867684096353     
   7.1600000000001713E-005  0.46969373345395399     
   7.1700000000001661E-005  0.46960960054084150     
   7.1800000000001610E-005  0.46952664053202442     
   7.1900000000001558E-005  0.46944473471776660     
   7.2000000000001506E-005  0.46936414160299894     
   7.2100000000001454E-005  0.46928461375313402     
   7.2200000000001403E-005  0.46920547540845486     
   7.2300000000001351E-005  0.46912679457305179     
   7.2400000000001299E-005  0.46904847906385344     
   7.2500000000001247E-005  0.46897096042539244     
   7.2600000000001195E-005  0.46889432168216416     
   7.2700000000001144E-005  0.46881857611542160     
   7.2800000000001092E-005  0.46874342123057056     
   7.2900000000001040E-005  0.46866874289611954     
   7.3000000000000988E-005  0.46859454458558486     
   7.3100000000000937E-005  0.46852087862380620     
   7.3200000000000885E-005  0.46844799075662785     
   7.3300000000000833E-005  0.46837541001918875     
   7.3400000000000781E-005  0.46830299060580111     
   7.3500000000000729E-005  0.46823104892351358     
   7.3600000000000678E-005  0.46815985564385509     
   7.3700000000000626E-005  0.46808929522781789     
   7.3800000000000574E-005  0.46801894485072792     
   7.3900000000000522E-005  0.46794915091338202     
   7.4000000000000471E-005  0.46787979034172555     
   7.4100000000000419E-005  0.46781066096975138     
   7.4200000000000367E-005  0.46774184480041914     
   7.4300000000000315E-005  0.46767289862107747     
   7.4400000000000263E-005  0.46760361343036932     
   7.4500000000000212E-005  0.46753425923553554     
   7.4600000000000160E-005  0.46746452214618706     
   7.4700000000000108E-005  0.46739402957658110     
   7.4800000000000056E-005  0.46732326343312769     
   7.4900000000000005E-005  0.46725236489603972     
   7.4999999999999953E-005  0.46718127740460563     
   7.5099999999999901E-005  0.46710951654519672     
   7.5199999999999849E-005  0.46703728456302257     
   7.5299999999999797E-005  0.46696469470935065     
   7.5399999999999746E-005  0.46689193684863989     
   7.5499999999999694E-005  0.46681915035745625     
   7.5599999999999642E-005  0.46674627959950887     
   7.5699999999999590E-005  0.46667335629048323     
   7.5799999999999539E-005  0.46660035002116190     
   7.5899999999999487E-005  0.46652736798734523     
   7.5999999999999435E-005  0.46645411223722588     
   7.6099999999999383E-005  0.46638068810435090     
   7.6199999999999331E-005  0.46630705851988230     
   7.6299999999999280E-005  0.46623324038767916     
   7.6399999999999228E-005  0.46615949447543453     
   7.6499999999999176E-005  0.46608591824343171     
   7.6599999999999124E-005  0.46601257478833497     
   7.6699999999999073E-005  0.46593949529274503     
   7.6799999999999021E-005  0.46586633778240799     
   7.6899999999998969E-005  0.46579292980050696     
   7.6999999999998917E-005  0.46571922216486400     
   7.7099999999998865E-005  0.46564495309306786     
   7.7199999999998814E-005  0.46556950089805027     
   7.7299999999998762E-005  0.46549309205214390     
   7.7399999999998710E-005  0.46541624381279667     
   7.7499999999998658E-005  0.46533911836221792     
   7.7599999999998607E-005  0.46526137541662910     
   7.7699999999998555E-005  0.46518319746545395     
   7.7799999999998503E-005  0.46510404881991269     
   7.7899999999998451E-005  0.46502415363951644     
   7.7999999999998399E-005  0.46494347960685611     
   7.8099999999998348E-005  0.46486206534421065     
   7.8199999999998296E-005  0.46477996293333484     
   7.8299999999998244E-005  0.46469720258128661     
   7.8399999999998192E-005  0.46461360843311683     
   7.8499999999998140E-005  0.46452941194556180     
   7.8599999999998089E-005  0.46444463058535124     
   7.8699999999998037E-005  0.46435928880318417     
   7.8799999999997985E-005  0.46427345594745090     
   7.8899999999997933E-005  0.46418708307562351     
   7.8999999999997882E-005  0.46410012642664750     
   7.9099999999997830E-005  0.46401254279710452     
   7.9199999999997778E-005  0.46392474678354745     
   7.9299999999997726E-005  0.46383645276848429     
   7.9399999999997674E-005  0.46374748422301904     
   7.9499999999997623E-005  0.46365835563067348     
   7.9599999999997571E-005  0.46356917426486238     
   7.9699999999997519E-005  0.46348023980709435     
   7.9799999999997467E-005  0.46339159356288340     
   7.9899999999997416E-005  0.46330263219841605     
   7.9999999999997364E-005  0.46321343036943136     
   8.0099999999997312E-005  0.46312440606116512     
   8.0199999999997260E-005  0.46303563404838610     
   8.0299999999997208E-005  0.46294687625211894     
   8.0399999999997157E-005  0.46285788197537214     
   8.0499999999997105E-005  0.46276879566860352     
   8.0599999999997053E-005  0.46267956484622802     
   8.0699999999997001E-005  0.46259031946450824     
   8.0799999999996950E-005  0.46250087854941330     
   8.0899999999996898E-005  0.46241135040979786     
   8.0999999999996846E-005  0.46232118176895559     
   8.1099999999996794E-005  0.46223076247085010     
   8.1199999999996742E-005  0.46214012559601780     
   8.1299999999996691E-005  0.46204935495704991     
   8.1399999999996639E-005  0.46195849003886974     
   8.1499999999996587E-005  0.46186732912088163     
   8.1599999999996535E-005  0.46177604614972889     
   8.1699999999996484E-005  0.46168488534054258     
   8.1799999999996432E-005  0.46159402135844380     
   8.1899999999996380E-005  0.46150309129719386     
   8.1999999999996328E-005  0.46141223149031713     
   8.2099999999996276E-005  0.46132152500850238     
   8.2199999999996225E-005  0.46123084320022945     
   8.2299999999996173E-005  0.46114010882378664     
   8.2399999999996121E-005  0.46104935675632563     
   8.2499999999996069E-005  0.46095871222038176     
   8.2599999999996018E-005  0.46086855121016751     
   8.2699999999995966E-005  0.46077832745101105     
   8.2799999999995914E-005  0.46068799509039171     
   8.2899999999995862E-005  0.46059784659595598     
   8.2999999999995810E-005  0.46050803009441360     
   8.3099999999995759E-005  0.46041865604734838     
   8.3199999999995707E-005  0.46032981847452736     
   8.3299999999995655E-005  0.46024148681224497     
   8.3399999999995603E-005  0.46015363508175167     
   8.3499999999995552E-005  0.46006580660803470     
   8.3599999999995500E-005  0.45997833786031700     
   8.3699999999995448E-005  0.45989115873187320     
   8.3799999999995396E-005  0.45980446989657042     
   8.3899999999995344E-005  0.45971816702155743     
   8.3999999999995293E-005  0.45963210581978575     
   8.4099999999995241E-005  0.45954650410204706     
   8.4199999999995189E-005  0.45946140321438672     
   8.4299999999995137E-005  0.45937680938790354     
   8.4399999999995086E-005  0.45929228964335150     
   8.4499999999995034E-005  0.45920818660135954     
   8.4599999999994982E-005  0.45912467682307562     
   8.4699999999994930E-005  0.45904172914817909     
   8.4799999999994878E-005  0.45895908071515862     
   8.4899999999994827E-005  0.45887665349112983     
   8.4999999999994775E-005  0.45879469739741191     
   8.5099999999994723E-005  0.45871340951038753     
   8.5199999999994671E-005  0.45863244634257483     
   8.5299999999994619E-005  0.45855172995343862     
   8.5399999999994568E-005  0.45847130265035918     
   8.5499999999994516E-005  0.45839119088600599     
   8.5599999999994464E-005  0.45831131955904042     
   8.5699999999994412E-005  0.45823174492302876     
   8.5799999999994361E-005  0.45815229290777088     
   8.5899999999994309E-005  0.45807294004098448     
   8.5999999999994257E-005  0.45799397569014227     
   8.6099999999994205E-005  0.45791549056480035     
   8.6199999999994153E-005  0.45783704357213523     
   8.6299999999994102E-005  0.45775891837585497     
   8.6399999999994050E-005  0.45768050643281405     
   8.6499999999993998E-005  0.45760204704950935     
   8.6599999999993946E-005  0.45752383240492095     
   8.6699999999993895E-005  0.45744595842944119     
   8.6799999999993843E-005  0.45736855527881276     
   8.6899999999993791E-005  0.45729158775150219     
   8.6999999999993739E-005  0.45721506214901975     
   8.7099999999993687E-005  0.45713905374886099     
   8.7199999999993636E-005  0.45706396936597371     
   8.7299999999993584E-005  0.45698945242854727     
   8.7399999999993532E-005  0.45691557742337391     
   8.7499999999993480E-005  0.45684252313855067     
   8.7599999999993429E-005  0.45677003322732618     
   8.7699999999993377E-005  0.45669796951223179     
   8.7799999999993325E-005  0.45662664955520965     
   8.7899999999993273E-005  0.45655613081894425     
   8.7999999999993221E-005  0.45648653133747463     
   8.8099999999993170E-005  0.45641775355609404     
   8.8199999999993118E-005  0.45634962487045921     
   8.8299999999993066E-005  0.45628201899592630     
   8.8399999999993014E-005  0.45621515680700386     
   8.8499999999992963E-005  0.45614909190318209     
   8.8599999999992911E-005  0.45608371073409804     
   8.8699999999992859E-005  0.45601899970531912     
   8.8799999999992807E-005  0.45595491054808418     
   8.8899999999992755E-005  0.45589097686289370     
   8.8999999999992704E-005  0.45582736749849018     
   8.9099999999992652E-005  0.45576417599699276     
   8.9199999999992600E-005  0.45570131120142182     
   8.9299999999992548E-005  0.45563852261816712     
   8.9399999999992497E-005  0.45557615545224539     
   8.9499999999992445E-005  0.45551413718238676     
   8.9599999999992393E-005  0.45545260060886811     
   8.9699999999992341E-005  0.45539159222766884     
   8.9799999999992289E-005  0.45533106204979312     
   8.9899999999992238E-005  0.45527072302577526     
   8.9999999999992186E-005  0.45521083208441149     
   9.0099999999992134E-005  0.45515138553300050     
   9.0199999999992082E-005  0.45509245004191184     
   9.0299999999992031E-005  0.45503383896470428     
   9.0399999999991979E-005  0.45497567778792031     
   9.0499999999991927E-005  0.45491782914326839     
   9.0599999999991875E-005  0.45486017709276089     
   9.0699999999991823E-005  0.45480254811337334     
   9.0799999999991772E-005  0.45474462787422804     
   9.0899999999991720E-005  0.45468664202971032     
   9.0999999999991668E-005  0.45462864529162972     
   9.1099999999991616E-005  0.45457052354998712     
   9.1199999999991565E-005  0.45451243496059551     
   9.1299999999991513E-005  0.45445439255334458     
   9.1399999999991461E-005  0.45439651312454515     
   9.1499999999991409E-005  0.45433859982019381     
   9.1599999999991357E-005  0.45428068070142696     
   9.1699999999991306E-005  0.45422297912246551     
   9.1799999999991254E-005  0.45416527783791943     
   9.1899999999991202E-005  0.45410734836694977     
   9.1999999999991150E-005  0.45404917471578921     
   9.2099999999991098E-005  0.45399083946824581     
   9.2199999999991047E-005  0.45393272637455595     
   9.2299999999990995E-005  0.45387457248583135     
   9.2399999999990943E-005  0.45381648370661171     
   9.2499999999990891E-005  0.45375843247147457     
   9.2599999999990840E-005  0.45370069343197605     
   9.2699999999990788E-005  0.45364287159991035     
   9.2799999999990736E-005  0.45358522888129421     
   9.2899999999990684E-005  0.45352772521997931     
   9.2999999999990632E-005  0.45347024149458925     
   9.3099999999990581E-005  0.45341312471732648     
   9.3199999999990529E-005  0.45335663123939474     
   9.3299999999990477E-005  0.45330068888381575     
   9.3399999999990425E-005  0.45324490205988582     
   9.3499999999990374E-005  0.45318912480979723     
   9.3599999999990322E-005  0.45313360456580570     
   9.3699999999990270E-005  0.45307842744249816     
   9.3799999999990218E-005  0.45302353559573910     
   9.3899999999990166E-005  0.45296877053581802     
   9.3999999999990115E-005  0.45291409596273374     
   9.4099999999990063E-005  0.45285955632864094     
   9.4199999999990011E-005  0.45280524765984981     
   9.4299999999989959E-005  0.45275105810497784     
   9.4399999999989908E-005  0.45269717006050941     
   9.4499999999989856E-005  0.45264370008020571     
   9.4599999999989804E-005  0.45259017956934749     
   9.4699999999989752E-005  0.45253641631145786     
   9.4799999999989700E-005  0.45248276813265198     
   9.4899999999989649E-005  0.45242907789964321     
   9.4999999999989597E-005  0.45237538587448201     
   9.5099999999989545E-005  0.45232177249472538     
   9.5199999999989493E-005  0.45226824584970599     
   9.5299999999989442E-005  0.45221485385160853     
   9.5399999999989390E-005  0.45216183916037139     
   9.5499999999989338E-005  0.45210919879742706     
   9.5599999999989286E-005  0.45205676944850776     
   9.5699999999989234E-005  0.45200409784190526     
   9.5799999999989183E-005  0.45195139378063881     
   9.5899999999989131E-005  0.45189890820503265     
   9.5999999999989079E-005  0.45184666015005442     
   9.6099999999989027E-005  0.45179475835211919     
   9.6199999999988976E-005  0.45174323646331538     
   9.6299999999988924E-005  0.45169193205463082     
   9.6399999999988872E-005  0.45164075432973905     
   9.6499999999988820E-005  0.45158976360524555     
   9.6599999999988768E-005  0.45153870988135641     
   9.6699999999988717E-005  0.45148773020177763     
   9.6799999999988665E-005  0.45143695763634717     
   9.6899999999988613E-005  0.45138643212182783     
   9.6999999999988561E-005  0.45133575846771867     
   9.7099999999988510E-005  0.45128506578107996     
   9.7199999999988458E-005  0.45123470547990224     
   9.7299999999988406E-005  0.45118440901922774     
   9.7399999999988354E-005  0.45113419365517876     
   9.7499999999988302E-005  0.45108404530073587     
   9.7599999999988251E-005  0.45103407644309190     
   9.7699999999988199E-005  0.45098420083319884     
   9.7799999999988147E-005  0.45093418769118027     
   9.7899999999988095E-005  0.45088399703926102     
   9.7999999999988044E-005  0.45083389977857241     
   9.8099999999987992E-005  0.45078377583886015     
   9.8199999999987940E-005  0.45073370787603145     
   9.8299999999987888E-005  0.45068370800788199     
   9.8399999999987836E-005  0.45063367329401210     
   9.8499999999987785E-005  0.45058347531583132     
   9.8599999999987733E-005  0.45053313136854861     
   9.8699999999987681E-005  0.45048267233793210     
   9.8799999999987629E-005  0.45043213990457398     
   9.8899999999987577E-005  0.45038146485268338     
   9.8999999999987526E-005  0.45033069675681237     
   9.9099999999987474E-005  0.45027968262803303     
   9.9199999999987422E-005  0.45022854769838522     
   9.9299999999987370E-005  0.45017734125392023     
   9.9399999999987319E-005  0.45012589554628285     
   9.9499999999987267E-005  0.45007440740832166     
   9.9599999999987215E-005  0.45002269793220850     
   9.9699999999987163E-005  0.44997076554149035     
   9.9799999999987111E-005  0.44991850224489599     
   9.9899999999987060E-005  0.44986605611252234     
   9.9999999999987008E-005  0.44981330247687223     
   1.0009999999998696E-004  0.44976027148998132     
   1.0019999999998690E-004  0.44970660968656223     
   1.0029999999998685E-004  0.44965219867575068     
   1.0039999999998680E-004  0.44959764432494442     
   1.0049999999998675E-004  0.44954284231145475     
   1.0059999999998670E-004  0.44948801621972329     
   1.0069999999998665E-004  0.44943329065707910     
   1.0079999999998659E-004  0.44937866827372014     
   1.0089999999998654E-004  0.44932396896722698     
   1.0099999999998649E-004  0.44926919899908835     
   1.0109999999998644E-004  0.44921444919446957     
   1.0119999999998639E-004  0.44915948321104049     
   1.0129999999998633E-004  0.44910438680413639     
   1.0139999999998628E-004  0.44904929216475059     
   1.0149999999998623E-004  0.44899424888803025     
   1.0159999999998618E-004  0.44893905909951082     
   1.0169999999998613E-004  0.44888367231119825     
   1.0179999999998608E-004  0.44882810728154776     
   1.0189999999998602E-004  0.44877231651742244     
   1.0199999999998597E-004  0.44871640411573988     
   1.0209999999998592E-004  0.44866052543726420     
   1.0219999999998587E-004  0.44860456435445006     
   1.0229999999998582E-004  0.44854847988583002     
   1.0239999999998577E-004  0.44849217626965093     
   1.0249999999998571E-004  0.44843580492175134     
   1.0259999999998566E-004  0.44837928325463816     
   1.0269999999998561E-004  0.44832263468170513     
   1.0279999999998556E-004  0.44826583599737591     
   1.0289999999998551E-004  0.44820911721841661     
   1.0299999999998545E-004  0.44815239280560476     
   1.0309999999998540E-004  0.44809555692571801     
   1.0319999999998535E-004  0.44803855898312656     
   1.0329999999998530E-004  0.44798149316296115     
   1.0339999999998525E-004  0.44792428129755502     
   1.0349999999998520E-004  0.44786700422808529     
   1.0359999999998514E-004  0.44780943881876417     
   1.0369999999998509E-004  0.44775173049973011     
   1.0379999999998504E-004  0.44769401081394478     
   1.0389999999998499E-004  0.44763626402427603     
   1.0399999999998494E-004  0.44757859681283724     
   1.0409999999998488E-004  0.44752101801954958     
   1.0419999999998483E-004  0.44746356352732231     
   1.0429999999998478E-004  0.44740604786997112     
   1.0439999999998473E-004  0.44734852795623192     
   1.0449999999998468E-004  0.44729105515851542     
   1.0459999999998463E-004  0.44723386289660083     
   1.0469999999998457E-004  0.44717700619087569     
   1.0479999999998452E-004  0.44712027081011246     
   1.0489999999998447E-004  0.44706378181607670     
   1.0499999999998442E-004  0.44700756503924988     
   1.0509999999998437E-004  0.44695139685317498     
   1.0519999999998432E-004  0.44689511107225816     
   1.0529999999998426E-004  0.44683866543534073     
   1.0539999999998421E-004  0.44678224582923348     
   1.0549999999998416E-004  0.44672599151355952     
   1.0559999999998411E-004  0.44666976726666519     
   1.0569999999998406E-004  0.44661372567917096     
   1.0579999999998400E-004  0.44655788774106597     
   1.0589999999998395E-004  0.44650209208041586     
   1.0599999999998390E-004  0.44644609532377377     
   1.0609999999998385E-004  0.44639017531354525     
   1.0619999999998380E-004  0.44633427006639326     
   1.0629999999998375E-004  0.44627865432684316     
   1.0639999999998369E-004  0.44622323732204677     
   1.0649999999998364E-004  0.44616775956281740     
   1.0659999999998359E-004  0.44611234146835527     
   1.0669999999998354E-004  0.44605685915749654     
   1.0679999999998349E-004  0.44600124491179766     
   1.0689999999998344E-004  0.44594562074025357     
   1.0699999999998338E-004  0.44589022269724699     
   1.0709999999998333E-004  0.44583490885124449     
   1.0719999999998328E-004  0.44577907132006017     
   1.0729999999998323E-004  0.44572329771511493     
   1.0739999999998318E-004  0.44566756880503994     
   1.0749999999998312E-004  0.44561182624951995     
   1.0759999999998307E-004  0.44555609521319944     
   1.0769999999998302E-004  0.44550030857451656     
   1.0779999999998297E-004  0.44544462411479752     
   1.0789999999998292E-004  0.44538888133200688     
   1.0799999999998287E-004  0.44533308929567228     
   1.0809999999998281E-004  0.44527732193401481     
   1.0819999999998276E-004  0.44522184523171787     
   1.0829999999998271E-004  0.44516656541603333     
   1.0839999999998266E-004  0.44511143594542590     
   1.0849999999998261E-004  0.44505685455040978     
   1.0859999999998255E-004  0.44500246171738544     
   1.0869999999998250E-004  0.44494810549193475     
   1.0879999999998245E-004  0.44489397549108539     
   1.0889999999998240E-004  0.44484002485049901     
   1.0899999999998235E-004  0.44478625561214752     
   1.0909999999998230E-004  0.44473270318278135     
   1.0919999999998224E-004  0.44467968153497966     
   1.0929999999998219E-004  0.44462682872443260     
   1.0939999999998214E-004  0.44457431409291137     
   1.0949999999998209E-004  0.44452216690793878     
   1.0959999999998204E-004  0.44447023445879974     
   1.0969999999998199E-004  0.44441840063843024     
   1.0979999999998193E-004  0.44436684891898026     
   1.0989999999998188E-004  0.44431559503247359     
   1.0999999999998183E-004  0.44426435288445715     
   1.1009999999998178E-004  0.44421323313889155     
   1.1019999999998173E-004  0.44416174244424766     
   1.1029999999998167E-004  0.44410982816227668     
   1.1039999999998162E-004  0.44405797474591208     
   1.1049999999998157E-004  0.44400607003464287     
   1.1059999999998152E-004  0.44395432883033698     
   1.1069999999998147E-004  0.44390289590862647     
   1.1079999999998142E-004  0.44385164358099499     
   1.1089999999998136E-004  0.44380060662795140     
   1.1099999999998131E-004  0.44374990044592805     
   1.1109999999998126E-004  0.44369955653585358     
   1.1119999999998121E-004  0.44364952852804795     
   1.1129999999998116E-004  0.44359973214384413     
   1.1139999999998111E-004  0.44355011933689631     
   1.1149999999998105E-004  0.44350070622680460     
   1.1159999999998100E-004  0.44345143943962334     
   1.1169999999998095E-004  0.44340201671732721     
   1.1179999999998090E-004  0.44335250679155008     
   1.1189999999998085E-004  0.44330275625607884     
   1.1199999999998079E-004  0.44325287263198559     
   1.1209999999998074E-004  0.44320293530534011     
   1.1219999999998069E-004  0.44315316980869651     
   1.1229999999998064E-004  0.44310361956160754     
   1.1239999999998059E-004  0.44305421345440221     
   1.1249999999998054E-004  0.44300495105596804     
   1.1259999999998048E-004  0.44295574800471083     
   1.1269999999998043E-004  0.44290678368119962     
   1.1279999999998038E-004  0.44285798913944802     
   1.1289999999998033E-004  0.44280934416654127     
   1.1299999999998028E-004  0.44276092053760197     
   1.1309999999998022E-004  0.44271257706634587     
   1.1319999999998017E-004  0.44266421459964195     
   1.1329999999998012E-004  0.44261604067895011     
   1.1339999999998007E-004  0.44256814084554336     
   1.1349999999998002E-004  0.44252040942278048     
   1.1359999999997997E-004  0.44247275082475279     
   1.1369999999997991E-004  0.44242530072544933     
   1.1379999999997986E-004  0.44237796910139415     
   1.1389999999997981E-004  0.44233065008363254     
   1.1399999999997976E-004  0.44228332730747982     
   1.1409999999997971E-004  0.44223577176365669     
   1.1419999999997966E-004  0.44218814581565591     
   1.1429999999997960E-004  0.44214039695643820     
   1.1439999999997955E-004  0.44209262444324487     
   1.1449999999997950E-004  0.44204483459379834     
   1.1459999999997945E-004  0.44199714600808854     
   1.1469999999997940E-004  0.44194965713501783     
   1.1479999999997934E-004  0.44190238057448084     
   1.1489999999997929E-004  0.44185524490207145     
   1.1499999999997924E-004  0.44180818592506443     
   1.1509999999997919E-004  0.44176137352401179     
   1.1519999999997914E-004  0.44171489012753729     
   1.1529999999997909E-004  0.44166872474916524     
   1.1539999999997903E-004  0.44162270662043090     
   1.1549999999997898E-004  0.44157698885628738     
   1.1559999999997893E-004  0.44153174048471705     
   1.1569999999997888E-004  0.44148678235871130     
   1.1579999999997883E-004  0.44144195875617703     
   1.1589999999997877E-004  0.44139735675664349     
   1.1599999999997872E-004  0.44135313422375871     
   1.1609999999997867E-004  0.44130909479774422     
   1.1619999999997862E-004  0.44126525781078829     
   1.1629999999997857E-004  0.44122144044685729     
   1.1639999999997852E-004  0.44117776936318409     
   1.1649999999997846E-004  0.44113404514669013     
   1.1659999999997841E-004  0.44109043646258805     
   1.1669999999997836E-004  0.44104667408424103     
   1.1679999999997831E-004  0.44100264808797573     
   1.1689999999997826E-004  0.44095837563179352     
   1.1699999999997821E-004  0.44091396237848784     
   1.1709999999997815E-004  0.44086946786910192     
   1.1719999999997810E-004  0.44082497151076411     
   1.1729999999997805E-004  0.44078052199183498     
   1.1739999999997800E-004  0.44073607771899515     
   1.1749999999997795E-004  0.44069155070486404     
   1.1759999999997789E-004  0.44064715496149526     
   1.1769999999997784E-004  0.44060294391050830     
   1.1779999999997779E-004  0.44055890180563345     
   1.1789999999997774E-004  0.44051503392684960     
   1.1799999999997769E-004  0.44047147012863408     
   1.1809999999997764E-004  0.44042814509473877     
   1.1819999999997758E-004  0.44038519601283255     
   1.1829999999997753E-004  0.44034265569292080     
   1.1839999999997748E-004  0.44030038251947479     
   1.1849999999997743E-004  0.44025838168697773     
   1.1859999999997738E-004  0.44021665108879254     
   1.1869999999997733E-004  0.44017525590212286     
   1.1879999999997727E-004  0.44013408585535113     
   1.1889999999997722E-004  0.44009317639030421     
   1.1899999999997717E-004  0.44005254636988483     
   1.1909999999997712E-004  0.44001204353221562     
   1.1919999999997707E-004  0.43997183486430330     
   1.1929999999997701E-004  0.43993182419410998     
   1.1939999999997696E-004  0.43989204079552774     
   1.1949999999997691E-004  0.43985248507150793     
   1.1959999999997686E-004  0.43981310800631146     
   1.1969999999997681E-004  0.43977398017229991     
   1.1979999999997676E-004  0.43973518674901263     
   1.1989999999997670E-004  0.43969687538981772     
   1.1999999999997665E-004  0.43965880061631718     
